https://github.com/oomlout/oomlout_oomp_current_version_messy/tree/main/parts/oobb_part_tray_vertical_15_04_30,5wnfi,Oobb Part Tray Vertical 15 04 30
https://github.com/oomlout/oomlout_oomp_current_version_messy/tree/main/parts/oobb_part_tray_vertical_15_04_60,oobb_part_tray_vertical_15_04_60,Oobb Part Tray Vertical 15 04 60
https://github.com/oomlout/oomlout_oomp_current_version_messy/tree/main/parts/oobb_part_tray_vertical_15_04_60,,Oobb Part Tray Vertical 15 04 60
https://github.com/oomlout/oomlout_oomp_current_version_messy/tree/main/parts/oobb_part_tray_vertical_15_04_60,a10f54,Oobb Part Tray Vertical 15 04 60
https://github.com/oomlout/oomlout_oomp_current_version_messy/tree/main/parts/oobb_part_tray_vertical_15_04_60,6a8gk,Oobb Part Tray Vertical 15 04 60
https://github.com/oomlout/oomlout_oomp_current_version_messy/tree/main/parts/oobb_part_tray_vertical_15_04_90,oobb_part_tray_vertical_15_04_90,Oobb Part Tray Vertical 15 04 90
https://github.com/oomlout/oomlout_oomp_current_version_messy/tree/main/parts/oobb_part_tray_vertical_15_04_90,,Oobb Part Tray Vertical 15 04 90
https://github.com/oomlout/oomlout_oomp_current_version_messy/tree/main/parts/oobb_part_tray_vertical_15_04_90,55ee29,Oobb Part Tray Vertical 15 04 90
https://github.com/oomlout/oomlout_oomp_current_version_messy/tree/main/parts/oobb_part_tray_vertical_15_04_90,3cpbd,Oobb Part Tray Vertical 15 04 90
https://github.com/oomlout/oomlout_oomp_current_version_messy/tree/main/parts/oobb_part_tray_vertical_15_05_09,oobb_part_tray_vertical_15_05_09,Oobb Part Tray Vertical 15 05 09
https://github.com/oomlout/oomlout_oomp_current_version_messy/tree/main/parts/oobb_part_tray_vertical_15_05_09,,Oobb Part Tray Vertical 15 05 09
https://github.com/oomlout/oomlout_oomp_current_version_messy/tree/main/parts/oobb_part_tray_vertical_15_05_09,74bad0,Oobb Part Tray Vertical 15 05 09
https://github.com/oomlout/oomlout_oomp_current_version_messy/tree/main/parts/oobb_part_tray_vertical_15_05_09,4jys0,Oobb Part Tray Vertical 15 05 09
https://github.com/oomlout/oomlout_oomp_current_version_messy/tree/main/parts/oobb_part_tray_vertical_15_05_12,oobb_part_tray_vertical_15_05_12,Oobb Part Tray Vertical 15 05 12
https://github.com/oomlout/oomlout_oomp_current_version_messy/tree/main/parts/oobb_part_tray_vertical_15_05_12,,Oobb Part Tray Vertical 15 05 12
https://github.com/oomlout/oomlout_oomp_current_version_messy/tree/main/parts/oobb_part_tray_vertical_15_05_12,1f1c96,Oobb Part Tray Vertical 15 05 12
https://github.com/oomlout/oomlout_oomp_current_version_messy/tree/main/parts/oobb_part_tray_vertical_15_05_12,17p92,Oobb Part Tray Vertical 15 05 12
https://github.com/oomlout/oomlout_oomp_current_version_messy/tree/main/parts/oobb_part_tray_vertical_15_05_15,oobb_part_tray_vertical_15_05_15,Oobb Part Tray Vertical 15 05 15
https://github.com/oomlout/oomlout_oomp_current_version_messy/tree/main/parts/oobb_part_tray_vertical_15_05_15,,Oobb Part Tray Vertical 15 05 15
https://github.com/oomlout/oomlout_oomp_current_version_messy/tree/main/parts/oobb_part_tray_vertical_15_05_15,a961ad,Oobb Part Tray Vertical 15 05 15
https://github.com/oomlout/oomlout_oomp_current_version_messy/tree/main/parts/oobb_part_tray_vertical_15_05_15,6lx9p,Oobb Part Tray Vertical 15 05 15
https://github.com/oomlout/oomlout_oomp_current_version_messy/tree/main/parts/oobb_part_tray_vertical_15_05_18,oobb_part_tray_vertical_15_05_18,Oobb Part Tray Vertical 15 05 18
https://github.com/oomlout/oomlout_oomp_current_version_messy/tree/main/parts/oobb_part_tray_vertical_15_05_18,,Oobb Part Tray Vertical 15 05 18
https://github.com/oomlout/oomlout_oomp_current_version_messy/tree/main/parts/oobb_part_tray_vertical_15_05_18,b5eca0,Oobb Part Tray Vertical 15 05 18
https://github.com/oomlout/oomlout_oomp_current_version_messy/tree/main/parts/oobb_part_tray_vertical_15_05_18,73jj4,Oobb Part Tray Vertical 15 05 18
https://github.com/oomlout/oomlout_oomp_current_version_messy/tree/main/parts/oobb_part_tray_vertical_15_05_21,oobb_part_tray_vertical_15_05_21,Oobb Part Tray Vertical 15 05 21
https://github.com/oomlout/oomlout_oomp_current_version_messy/tree/main/parts/oobb_part_tray_vertical_15_05_21,,Oobb Part Tray Vertical 15 05 21
https://github.com/oomlout/oomlout_oomp_current_version_messy/tree/main/parts/oobb_part_tray_vertical_15_05_21,c1454f,Oobb Part Tray Vertical 15 05 21
https://github.com/oomlout/oomlout_oomp_current_version_messy/tree/main/parts/oobb_part_tray_vertical_15_05_21,7jhan,Oobb Part Tray Vertical 15 05 21
https://github.com/oomlout/oomlout_oomp_current_version_messy/tree/main/parts/oobb_part_tray_vertical_15_05_24,oobb_part_tray_vertical_15_05_24,Oobb Part Tray Vertical 15 05 24
https://github.com/oomlout/oomlout_oomp_current_version_messy/tree/main/parts/oobb_part_tray_vertical_15_05_24,,Oobb Part Tray Vertical 15 05 24
https://github.com/oomlout/oomlout_oomp_current_version_messy/tree/main/parts/oobb_part_tray_vertical_15_05_24,757244,Oobb Part Tray Vertical 15 05 24
https://github.com/oomlout/oomlout_oomp_current_version_messy/tree/main/parts/oobb_part_tray_vertical_15_05_24,4kz0k,Oobb Part Tray Vertical 15 05 24
https://github.com/oomlout/oomlout_oomp_current_version_messy/tree/main/parts/oobb_part_tray_vertical_15_05_27,oobb_part_tray_vertical_15_05_27,Oobb Part Tray Vertical 15 05 27
https://github.com/oomlout/oomlout_oomp_current_version_messy/tree/main/parts/oobb_part_tray_vertical_15_05_27,,Oobb Part Tray Vertical 15 05 27
https://github.com/oomlout/oomlout_oomp_current_version_messy/tree/main/parts/oobb_part_tray_vertical_15_05_27,3e9bcc,Oobb Part Tray Vertical 15 05 27
https://github.com/oomlout/oomlout_oomp_current_version_messy/tree/main/parts/oobb_part_tray_vertical_15_05_27,2fxzg,Oobb Part Tray Vertical 15 05 27
https://github.com/oomlout/oomlout_oomp_current_version_messy/tree/main/parts/oobb_part_tray_vertical_15_05_30,oobb_part_tray_vertical_15_05_30,Oobb Part Tray Vertical 15 05 30
https://github.com/oomlout/oomlout_oomp_current_version_messy/tree/main/parts/oobb_part_tray_vertical_15_05_30,,Oobb Part Tray Vertical 15 05 30
https://github.com/oomlout/oomlout_oomp_current_version_messy/tree/main/parts/oobb_part_tray_vertical_15_05_30,a9d2e2,Oobb Part Tray Vertical 15 05 30
https://github.com/oomlout/oomlout_oomp_current_version_messy/tree/main/parts/oobb_part_tray_vertical_15_05_30,6mjmq,Oobb Part Tray Vertical 15 05 30
https://github.com/oomlout/oomlout_oomp_current_version_messy/tree/main/parts/oobb_part_tray_vertical_15_05_60,oobb_part_tray_vertical_15_05_60,Oobb Part Tray Vertical 15 05 60
https://github.com/oomlout/oomlout_oomp_current_version_messy/tree/main/parts/oobb_part_tray_vertical_15_05_60,,Oobb Part Tray Vertical 15 05 60
https://github.com/oomlout/oomlout_oomp_current_version_messy/tree/main/parts/oobb_part_tray_vertical_15_05_60,ccd06b,Oobb Part Tray Vertical 15 05 60
https://github.com/oomlout/oomlout_oomp_current_version_messy/tree/main/parts/oobb_part_tray_vertical_15_05_60,7zp0r,Oobb Part Tray Vertical 15 05 60
https://github.com/oomlout/oomlout_oomp_current_version_messy/tree/main/parts/oobb_part_tray_vertical_15_05_90,oobb_part_tray_vertical_15_05_90,Oobb Part Tray Vertical 15 05 90
https://github.com/oomlout/oomlout_oomp_current_version_messy/tree/main/parts/oobb_part_tray_vertical_15_05_90,,Oobb Part Tray Vertical 15 05 90
https://github.com/oomlout/oomlout_oomp_current_version_messy/tree/main/parts/oobb_part_tray_vertical_15_05_90,184842,Oobb Part Tray Vertical 15 05 90
https://github.com/oomlout/oomlout_oomp_current_version_messy/tree/main/parts/oobb_part_tray_vertical_15_05_90,y3wi,Oobb Part Tray Vertical 15 05 90
https://github.com/oomlout/oomlout_oomp_current_version_messy/tree/main/parts/oobb_part_tray_vertical_15_06_09,oobb_part_tray_vertical_15_06_09,Oobb Part Tray Vertical 15 06 09
https://github.com/oomlout/oomlout_oomp_current_version_messy/tree/main/parts/oobb_part_tray_vertical_15_06_09,,Oobb Part Tray Vertical 15 06 09
https://github.com/oomlout/oomlout_oomp_current_version_messy/tree/main/parts/oobb_part_tray_vertical_15_06_09,0c8e2a,Oobb Part Tray Vertical 15 06 09
https://github.com/oomlout/oomlout_oomp_current_version_messy/tree/main/parts/oobb_part_tray_vertical_15_06_09,hmwa,Oobb Part Tray Vertical 15 06 09
https://github.com/oomlout/oomlout_oomp_current_version_messy/tree/main/parts/oobb_part_tray_vertical_15_06_12,oobb_part_tray_vertical_15_06_12,Oobb Part Tray Vertical 15 06 12
https://github.com/oomlout/oomlout_oomp_current_version_messy/tree/main/parts/oobb_part_tray_vertical_15_06_12,,Oobb Part Tray Vertical 15 06 12
https://github.com/oomlout/oomlout_oomp_current_version_messy/tree/main/parts/oobb_part_tray_vertical_15_06_12,fc3e35,Oobb Part Tray Vertical 15 06 12
https://github.com/oomlout/oomlout_oomp_current_version_messy/tree/main/parts/oobb_part_tray_vertical_15_06_12,9ubed,Oobb Part Tray Vertical 15 06 12
https://github.com/oomlout/oomlout_oomp_current_version_messy/tree/main/parts/oobb_part_tray_vertical_15_06_15,oobb_part_tray_vertical_15_06_15,Oobb Part Tray Vertical 15 06 15
https://github.com/oomlout/oomlout_oomp_current_version_messy/tree/main/parts/oobb_part_tray_vertical_15_06_15,,Oobb Part Tray Vertical 15 06 15
https://github.com/oomlout/oomlout_oomp_current_version_messy/tree/main/parts/oobb_part_tray_vertical_15_06_15,5de005,Oobb Part Tray Vertical 15 06 15
https://github.com/oomlout/oomlout_oomp_current_version_messy/tree/main/parts/oobb_part_tray_vertical_15_06_15,3nv2d,Oobb Part Tray Vertical 15 06 15
https://github.com/oomlout/oomlout_oomp_current_version_messy/tree/main/parts/oobb_part_tray_vertical_15_06_18,oobb_part_tray_vertical_15_06_18,Oobb Part Tray Vertical 15 06 18
https://github.com/oomlout/oomlout_oomp_current_version_messy/tree/main/parts/oobb_part_tray_vertical_15_06_18,,Oobb Part Tray Vertical 15 06 18
https://github.com/oomlout/oomlout_oomp_current_version_messy/tree/main/parts/oobb_part_tray_vertical_15_06_18,d3933a,Oobb Part Tray Vertical 15 06 18
https://github.com/oomlout/oomlout_oomp_current_version_messy/tree/main/parts/oobb_part_tray_vertical_15_06_18,896wq,Oobb Part Tray Vertical 15 06 18
https://github.com/oomlout/oomlout_oomp_current_version_messy/tree/main/parts/oobb_part_tray_vertical_15_06_21,oobb_part_tray_vertical_15_06_21,Oobb Part Tray Vertical 15 06 21
https://github.com/oomlout/oomlout_oomp_current_version_messy/tree/main/parts/oobb_part_tray_vertical_15_06_21,,Oobb Part Tray Vertical 15 06 21
https://github.com/oomlout/oomlout_oomp_current_version_messy/tree/main/parts/oobb_part_tray_vertical_15_06_21,06572c,Oobb Part Tray Vertical 15 06 21
https://github.com/oomlout/oomlout_oomp_current_version_messy/tree/main/parts/oobb_part_tray_vertical_15_06_21,8wmk,Oobb Part Tray Vertical 15 06 21
https://github.com/oomlout/oomlout_oomp_current_version_messy/tree/main/parts/oobb_part_tray_vertical_15_06_24,oobb_part_tray_vertical_15_06_24,Oobb Part Tray Vertical 15 06 24
https://github.com/oomlout/oomlout_oomp_current_version_messy/tree/main/parts/oobb_part_tray_vertical_15_06_24,,Oobb Part Tray Vertical 15 06 24
https://github.com/oomlout/oomlout_oomp_current_version_messy/tree/main/parts/oobb_part_tray_vertical_15_06_24,2a04a0,Oobb Part Tray Vertical 15 06 24
https://github.com/oomlout/oomlout_oomp_current_version_messy/tree/main/parts/oobb_part_tray_vertical_15_06_24,1n0rk,Oobb Part Tray Vertical 15 06 24
https://github.com/oomlout/oomlout_oomp_current_version_messy/tree/main/parts/oobb_part_tray_vertical_15_06_27,oobb_part_tray_vertical_15_06_27,Oobb Part Tray Vertical 15 06 27
https://github.com/oomlout/oomlout_oomp_current_version_messy/tree/main/parts/oobb_part_tray_vertical_15_06_27,,Oobb Part Tray Vertical 15 06 27
https://github.com/oomlout/oomlout_oomp_current_version_messy/tree/main/parts/oobb_part_tray_vertical_15_06_27,19814f,Oobb Part Tray Vertical 15 06 27
https://github.com/oomlout/oomlout_oomp_current_version_messy/tree/main/parts/oobb_part_tray_vertical_15_06_27,ztqn,Oobb Part Tray Vertical 15 06 27
https://github.com/oomlout/oomlout_oomp_current_version_messy/tree/main/parts/oobb_part_tray_vertical_15_06_30,oobb_part_tray_vertical_15_06_30,Oobb Part Tray Vertical 15 06 30
https://github.com/oomlout/oomlout_oomp_current_version_messy/tree/main/parts/oobb_part_tray_vertical_15_06_30,,Oobb Part Tray Vertical 15 06 30
https://github.com/oomlout/oomlout_oomp_current_version_messy/tree/main/parts/oobb_part_tray_vertical_15_06_30,a6f70f,Oobb Part Tray Vertical 15 06 30
https://github.com/oomlout/oomlout_oomp_current_version_messy/tree/main/parts/oobb_part_tray_vertical_15_06_30,6ij2n,Oobb Part Tray Vertical 15 06 30
https://github.com/oomlout/oomlout_oomp_current_version_messy/tree/main/parts/oobb_part_tray_vertical_15_06_60,oobb_part_tray_vertical_15_06_60,Oobb Part Tray Vertical 15 06 60
https://github.com/oomlout/oomlout_oomp_current_version_messy/tree/main/parts/oobb_part_tray_vertical_15_06_60,,Oobb Part Tray Vertical 15 06 60
https://github.com/oomlout/oomlout_oomp_current_version_messy/tree/main/parts/oobb_part_tray_vertical_15_06_60,dc36b2,Oobb Part Tray Vertical 15 06 60
https://github.com/oomlout/oomlout_oomp_current_version_messy/tree/main/parts/oobb_part_tray_vertical_15_06_60,8lbqq,Oobb Part Tray Vertical 15 06 60
https://github.com/oomlout/oomlout_oomp_current_version_messy/tree/main/parts/oobb_part_tray_vertical_15_06_90,oobb_part_tray_vertical_15_06_90,Oobb Part Tray Vertical 15 06 90
https://github.com/oomlout/oomlout_oomp_current_version_messy/tree/main/parts/oobb_part_tray_vertical_15_06_90,,Oobb Part Tray Vertical 15 06 90
https://github.com/oomlout/oomlout_oomp_current_version_messy/tree/main/parts/oobb_part_tray_vertical_15_06_90,5777cd,Oobb Part Tray Vertical 15 06 90
https://github.com/oomlout/oomlout_oomp_current_version_messy/tree/main/parts/oobb_part_tray_vertical_15_06_90,3ev2l,Oobb Part Tray Vertical 15 06 90
https://github.com/oomlout/oomlout_oomp_current_version_messy/tree/main/parts/oobb_part_tray_vertical_15_07_09,oobb_part_tray_vertical_15_07_09,Oobb Part Tray Vertical 15 07 09
https://github.com/oomlout/oomlout_oomp_current_version_messy/tree/main/parts/oobb_part_tray_vertical_15_07_09,,Oobb Part Tray Vertical 15 07 09
https://github.com/oomlout/oomlout_oomp_current_version_messy/tree/main/parts/oobb_part_tray_vertical_15_07_09,2f955c,Oobb Part Tray Vertical 15 07 09
https://github.com/oomlout/oomlout_oomp_current_version_messy/tree/main/parts/oobb_part_tray_vertical_15_07_09,1uu70,Oobb Part Tray Vertical 15 07 09
https://github.com/oomlout/oomlout_oomp_current_version_messy/tree/main/parts/oobb_part_tray_vertical_15_07_12,oobb_part_tray_vertical_15_07_12,Oobb Part Tray Vertical 15 07 12
https://github.com/oomlout/oomlout_oomp_current_version_messy/tree/main/parts/oobb_part_tray_vertical_15_07_12,,Oobb Part Tray Vertical 15 07 12
https://github.com/oomlout/oomlout_oomp_current_version_messy/tree/main/parts/oobb_part_tray_vertical_15_07_12,a71307,Oobb Part Tray Vertical 15 07 12
https://github.com/oomlout/oomlout_oomp_current_version_messy/tree/main/parts/oobb_part_tray_vertical_15_07_12,6iolj,Oobb Part Tray Vertical 15 07 12
https://github.com/oomlout/oomlout_oomp_current_version_messy/tree/main/parts/oobb_part_tray_vertical_15_07_15,oobb_part_tray_vertical_15_07_15,Oobb Part Tray Vertical 15 07 15
https://github.com/oomlout/oomlout_oomp_current_version_messy/tree/main/parts/oobb_part_tray_vertical_15_07_15,,Oobb Part Tray Vertical 15 07 15
https://github.com/oomlout/oomlout_oomp_current_version_messy/tree/main/parts/oobb_part_tray_vertical_15_07_15,99d589,Oobb Part Tray Vertical 15 07 15
https://github.com/oomlout/oomlout_oomp_current_version_messy/tree/main/parts/oobb_part_tray_vertical_15_07_15,6032h,Oobb Part Tray Vertical 15 07 15
https://github.com/oomlout/oomlout_oomp_current_version_messy/tree/main/parts/oobb_part_tray_vertical_15_07_18,oobb_part_tray_vertical_15_07_18,Oobb Part Tray Vertical 15 07 18
https://github.com/oomlout/oomlout_oomp_current_version_messy/tree/main/parts/oobb_part_tray_vertical_15_07_18,,Oobb Part Tray Vertical 15 07 18
https://github.com/oomlout/oomlout_oomp_current_version_messy/tree/main/parts/oobb_part_tray_vertical_15_07_18,e49c13,Oobb Part Tray Vertical 15 07 18
https://github.com/oomlout/oomlout_oomp_current_version_messy/tree/main/parts/oobb_part_tray_vertical_15_07_18,8x4b7,Oobb Part Tray Vertical 15 07 18
https://github.com/oomlout/oomlout_oomp_current_version_messy/tree/main/parts/oobb_part_tray_vertical_15_07_21,oobb_part_tray_vertical_15_07_21,Oobb Part Tray Vertical 15 07 21
https://github.com/oomlout/oomlout_oomp_current_version_messy/tree/main/parts/oobb_part_tray_vertical_15_07_21,,Oobb Part Tray Vertical 15 07 21
https://github.com/oomlout/oomlout_oomp_current_version_messy/tree/main/parts/oobb_part_tray_vertical_15_07_21,4c1a5e,Oobb Part Tray Vertical 15 07 21
https://github.com/oomlout/oomlout_oomp_current_version_messy/tree/main/parts/oobb_part_tray_vertical_15_07_21,2ywda,Oobb Part Tray Vertical 15 07 21
https://github.com/oomlout/oomlout_oomp_current_version_messy/tree/main/parts/oobb_part_tray_vertical_15_07_24,oobb_part_tray_vertical_15_07_24,Oobb Part Tray Vertical 15 07 24
https://github.com/oomlout/oomlout_oomp_current_version_messy/tree/main/parts/oobb_part_tray_vertical_15_07_24,,Oobb Part Tray Vertical 15 07 24
https://github.com/oomlout/oomlout_oomp_current_version_messy/tree/main/parts/oobb_part_tray_vertical_15_07_24,40c9f3,Oobb Part Tray Vertical 15 07 24
https://github.com/oomlout/oomlout_oomp_current_version_messy/tree/main/parts/oobb_part_tray_vertical_15_07_24,2j08j,Oobb Part Tray Vertical 15 07 24
https://github.com/oomlout/oomlout_oomp_current_version_messy/tree/main/parts/oobb_part_tray_vertical_15_07_27,oobb_part_tray_vertical_15_07_27,Oobb Part Tray Vertical 15 07 27
https://github.com/oomlout/oomlout_oomp_current_version_messy/tree/main/parts/oobb_part_tray_vertical_15_07_27,,Oobb Part Tray Vertical 15 07 27
https://github.com/oomlout/oomlout_oomp_current_version_messy/tree/main/parts/oobb_part_tray_vertical_15_07_27,706599,Oobb Part Tray Vertical 15 07 27
https://github.com/oomlout/oomlout_oomp_current_version_messy/tree/main/parts/oobb_part_tray_vertical_15_07_27,4dvo9,Oobb Part Tray Vertical 15 07 27
https://github.com/oomlout/oomlout_oomp_current_version_messy/tree/main/parts/oobb_part_tray_vertical_15_07_30,oobb_part_tray_vertical_15_07_30,Oobb Part Tray Vertical 15 07 30
https://github.com/oomlout/oomlout_oomp_current_version_messy/tree/main/parts/oobb_part_tray_vertical_15_07_30,,Oobb Part Tray Vertical 15 07 30
https://github.com/oomlout/oomlout_oomp_current_version_messy/tree/main/parts/oobb_part_tray_vertical_15_07_30,61e19f,Oobb Part Tray Vertical 15 07 30
https://github.com/oomlout/oomlout_oomp_current_version_messy/tree/main/parts/oobb_part_tray_vertical_15_07_30,3thnj,Oobb Part Tray Vertical 15 07 30
https://github.com/oomlout/oomlout_oomp_current_version_messy/tree/main/parts/oobb_part_tray_vertical_15_07_60,oobb_part_tray_vertical_15_07_60,Oobb Part Tray Vertical 15 07 60
https://github.com/oomlout/oomlout_oomp_current_version_messy/tree/main/parts/oobb_part_tray_vertical_15_07_60,,Oobb Part Tray Vertical 15 07 60
https://github.com/oomlout/oomlout_oomp_current_version_messy/tree/main/parts/oobb_part_tray_vertical_15_07_60,f1619c,Oobb Part Tray Vertical 15 07 60
https://github.com/oomlout/oomlout_oomp_current_version_messy/tree/main/parts/oobb_part_tray_vertical_15_07_60,9f258,Oobb Part Tray Vertical 15 07 60
https://github.com/oomlout/oomlout_oomp_current_version_messy/tree/main/parts/oobb_part_tray_vertical_15_07_90,oobb_part_tray_vertical_15_07_90,Oobb Part Tray Vertical 15 07 90
https://github.com/oomlout/oomlout_oomp_current_version_messy/tree/main/parts/oobb_part_tray_vertical_15_07_90,,Oobb Part Tray Vertical 15 07 90
https://github.com/oomlout/oomlout_oomp_current_version_messy/tree/main/parts/oobb_part_tray_vertical_15_07_90,5ac194,Oobb Part Tray Vertical 15 07 90
https://github.com/oomlout/oomlout_oomp_current_version_messy/tree/main/parts/oobb_part_tray_vertical_15_07_90,3jhck,Oobb Part Tray Vertical 15 07 90
https://github.com/oomlout/oomlout_oomp_current_version_messy/tree/main/parts/oobb_part_tray_vertical_15_08_09,oobb_part_tray_vertical_15_08_09,Oobb Part Tray Vertical 15 08 09
https://github.com/oomlout/oomlout_oomp_current_version_messy/tree/main/parts/oobb_part_tray_vertical_15_08_09,,Oobb Part Tray Vertical 15 08 09
https://github.com/oomlout/oomlout_oomp_current_version_messy/tree/main/parts/oobb_part_tray_vertical_15_08_09,685845,Oobb Part Tray Vertical 15 08 09
https://github.com/oomlout/oomlout_oomp_current_version_messy/tree/main/parts/oobb_part_tray_vertical_15_08_09,42khx,Oobb Part Tray Vertical 15 08 09
https://github.com/oomlout/oomlout_oomp_current_version_messy/tree/main/parts/oobb_part_tray_vertical_15_08_12,oobb_part_tray_vertical_15_08_12,Oobb Part Tray Vertical 15 08 12
https://github.com/oomlout/oomlout_oomp_current_version_messy/tree/main/parts/oobb_part_tray_vertical_15_08_12,,Oobb Part Tray Vertical 15 08 12
https://github.com/oomlout/oomlout_oomp_current_version_messy/tree/main/parts/oobb_part_tray_vertical_15_08_12,f9c749,Oobb Part Tray Vertical 15 08 12
https://github.com/oomlout/oomlout_oomp_current_version_messy/tree/main/parts/oobb_part_tray_vertical_15_08_12,9qurt,Oobb Part Tray Vertical 15 08 12
https://github.com/oomlout/oomlout_oomp_current_version_messy/tree/main/parts/oobb_part_tray_vertical_15_08_15,oobb_part_tray_vertical_15_08_15,Oobb Part Tray Vertical 15 08 15
https://github.com/oomlout/oomlout_oomp_current_version_messy/tree/main/parts/oobb_part_tray_vertical_15_08_15,,Oobb Part Tray Vertical 15 08 15
https://github.com/oomlout/oomlout_oomp_current_version_messy/tree/main/parts/oobb_part_tray_vertical_15_08_15,763480,Oobb Part Tray Vertical 15 08 15
https://github.com/oomlout/oomlout_oomp_current_version_messy/tree/main/parts/oobb_part_tray_vertical_15_08_15,4m1ds,Oobb Part Tray Vertical 15 08 15
https://github.com/oomlout/oomlout_oomp_current_version_messy/tree/main/parts/oobb_part_tray_vertical_15_08_18,oobb_part_tray_vertical_15_08_18,Oobb Part Tray Vertical 15 08 18
https://github.com/oomlout/oomlout_oomp_current_version_messy/tree/main/parts/oobb_part_tray_vertical_15_08_18,,Oobb Part Tray Vertical 15 08 18
https://github.com/oomlout/oomlout_oomp_current_version_messy/tree/main/parts/oobb_part_tray_vertical_15_08_18,b62e46,Oobb Part Tray Vertical 15 08 18
https://github.com/oomlout/oomlout_oomp_current_version_messy/tree/main/parts/oobb_part_tray_vertical_15_08_18,73why,Oobb Part Tray Vertical 15 08 18
https://github.com/oomlout/oomlout_oomp_current_version_messy/tree/main/parts/oobb_part_tray_vertical_15_08_21,oobb_part_tray_vertical_15_08_21,Oobb Part Tray Vertical 15 08 21
https://github.com/oomlout/oomlout_oomp_current_version_messy/tree/main/parts/oobb_part_tray_vertical_15_08_21,,Oobb Part Tray Vertical 15 08 21
https://github.com/oomlout/oomlout_oomp_current_version_messy/tree/main/parts/oobb_part_tray_vertical_15_08_21,465c9b,Oobb Part Tray Vertical 15 08 21
https://github.com/oomlout/oomlout_oomp_current_version_messy/tree/main/parts/oobb_part_tray_vertical_15_08_21,2qu1n,Oobb Part Tray Vertical 15 08 21
https://github.com/oomlout/oomlout_oomp_current_version_messy/tree/main/parts/oobb_part_tray_vertical_15_08_24,oobb_part_tray_vertical_15_08_24,Oobb Part Tray Vertical 15 08 24
https://github.com/oomlout/oomlout_oomp_current_version_messy/tree/main/parts/oobb_part_tray_vertical_15_08_24,,Oobb Part Tray Vertical 15 08 24
https://github.com/oomlout/oomlout_oomp_current_version_messy/tree/main/parts/oobb_part_tray_vertical_15_08_24,6a3da9,Oobb Part Tray Vertical 15 08 24
https://github.com/oomlout/oomlout_oomp_current_version_messy/tree/main/parts/oobb_part_tray_vertical_15_08_24,458dl,Oobb Part Tray Vertical 15 08 24
https://github.com/oomlout/oomlout_oomp_current_version_messy/tree/main/parts/oobb_part_tray_vertical_15_08_27,oobb_part_tray_vertical_15_08_27,Oobb Part Tray Vertical 15 08 27
https://github.com/oomlout/oomlout_oomp_current_version_messy/tree/main/parts/oobb_part_tray_vertical_15_08_27,,Oobb Part Tray Vertical 15 08 27
https://github.com/oomlout/oomlout_oomp_current_version_messy/tree/main/parts/oobb_part_tray_vertical_15_08_27,6444c6,Oobb Part Tray Vertical 15 08 27
https://github.com/oomlout/oomlout_oomp_current_version_messy/tree/main/parts/oobb_part_tray_vertical_15_08_27,3wudi,Oobb Part Tray Vertical 15 08 27
https://github.com/oomlout/oomlout_oomp_current_version_messy/tree/main/parts/oobb_part_tray_vertical_15_08_30,oobb_part_tray_vertical_15_08_30,Oobb Part Tray Vertical 15 08 30
https://github.com/oomlout/oomlout_oomp_current_version_messy/tree/main/parts/oobb_part_tray_vertical_15_08_30,,Oobb Part Tray Vertical 15 08 30
https://github.com/oomlout/oomlout_oomp_current_version_messy/tree/main/parts/oobb_part_tray_vertical_15_08_30,4a79ba,Oobb Part Tray Vertical 15 08 30
https://github.com/oomlout/oomlout_oomp_current_version_messy/tree/main/parts/oobb_part_tray_vertical_15_08_30,2wm2i,Oobb Part Tray Vertical 15 08 30
https://github.com/oomlout/oomlout_oomp_current_version_messy/tree/main/parts/oobb_part_tray_vertical_15_08_60,oobb_part_tray_vertical_15_08_60,Oobb Part Tray Vertical 15 08 60
https://github.com/oomlout/oomlout_oomp_current_version_messy/tree/main/parts/oobb_part_tray_vertical_15_08_60,,Oobb Part Tray Vertical 15 08 60
https://github.com/oomlout/oomlout_oomp_current_version_messy/tree/main/parts/oobb_part_tray_vertical_15_08_60,bb73a0,Oobb Part Tray Vertical 15 08 60
https://github.com/oomlout/oomlout_oomp_current_version_messy/tree/main/parts/oobb_part_tray_vertical_15_08_60,7bb1c,Oobb Part Tray Vertical 15 08 60
https://github.com/oomlout/oomlout_oomp_current_version_messy/tree/main/parts/oobb_part_tray_vertical_15_08_90,oobb_part_tray_vertical_15_08_90,Oobb Part Tray Vertical 15 08 90
https://github.com/oomlout/oomlout_oomp_current_version_messy/tree/main/parts/oobb_part_tray_vertical_15_08_90,,Oobb Part Tray Vertical 15 08 90
https://github.com/oomlout/oomlout_oomp_current_version_messy/tree/main/parts/oobb_part_tray_vertical_15_08_90,c57c49,Oobb Part Tray Vertical 15 08 90
https://github.com/oomlout/oomlout_oomp_current_version_messy/tree/main/parts/oobb_part_tray_vertical_15_08_90,7pefd,Oobb Part Tray Vertical 15 08 90
https://github.com/oomlout/oomlout_oomp_current_version_messy/tree/main/parts/oobb_part_tray_vertical_15_09_09,oobb_part_tray_vertical_15_09_09,Oobb Part Tray Vertical 15 09 09
https://github.com/oomlout/oomlout_oomp_current_version_messy/tree/main/parts/oobb_part_tray_vertical_15_09_09,,Oobb Part Tray Vertical 15 09 09
https://github.com/oomlout/oomlout_oomp_current_version_messy/tree/main/parts/oobb_part_tray_vertical_15_09_09,eda8b5,Oobb Part Tray Vertical 15 09 09
https://github.com/oomlout/oomlout_oomp_current_version_messy/tree/main/parts/oobb_part_tray_vertical_15_09_09,99tx1,Oobb Part Tray Vertical 15 09 09
https://github.com/oomlout/oomlout_oomp_current_version_messy/tree/main/parts/oobb_part_tray_vertical_15_09_12,oobb_part_tray_vertical_15_09_12,Oobb Part Tray Vertical 15 09 12
https://github.com/oomlout/oomlout_oomp_current_version_messy/tree/main/parts/oobb_part_tray_vertical_15_09_12,,Oobb Part Tray Vertical 15 09 12
https://github.com/oomlout/oomlout_oomp_current_version_messy/tree/main/parts/oobb_part_tray_vertical_15_09_12,94a416,Oobb Part Tray Vertical 15 09 12
https://github.com/oomlout/oomlout_oomp_current_version_messy/tree/main/parts/oobb_part_tray_vertical_15_09_12,5ssgm,Oobb Part Tray Vertical 15 09 12
https://github.com/oomlout/oomlout_oomp_current_version_messy/tree/main/parts/oobb_part_tray_vertical_15_09_15,oobb_part_tray_vertical_15_09_15,Oobb Part Tray Vertical 15 09 15
https://github.com/oomlout/oomlout_oomp_current_version_messy/tree/main/parts/oobb_part_tray_vertical_15_09_15,,Oobb Part Tray Vertical 15 09 15
https://github.com/oomlout/oomlout_oomp_current_version_messy/tree/main/parts/oobb_part_tray_vertical_15_09_15,fb37cd,Oobb Part Tray Vertical 15 09 15
https://github.com/oomlout/oomlout_oomp_current_version_messy/tree/main/parts/oobb_part_tray_vertical_15_09_15,9svkd,Oobb Part Tray Vertical 15 09 15
https://github.com/oomlout/oomlout_oomp_current_version_messy/tree/main/parts/oobb_part_tray_vertical_15_09_18,oobb_part_tray_vertical_15_09_18,Oobb Part Tray Vertical 15 09 18
https://github.com/oomlout/oomlout_oomp_current_version_messy/tree/main/parts/oobb_part_tray_vertical_15_09_18,,Oobb Part Tray Vertical 15 09 18
https://github.com/oomlout/oomlout_oomp_current_version_messy/tree/main/parts/oobb_part_tray_vertical_15_09_18,dc0f66,Oobb Part Tray Vertical 15 09 18
https://github.com/oomlout/oomlout_oomp_current_version_messy/tree/main/parts/oobb_part_tray_vertical_15_09_18,8l3za,Oobb Part Tray Vertical 15 09 18
https://github.com/oomlout/oomlout_oomp_current_version_messy/tree/main/parts/oobb_part_tray_vertical_15_09_21,oobb_part_tray_vertical_15_09_21,Oobb Part Tray Vertical 15 09 21
https://github.com/oomlout/oomlout_oomp_current_version_messy/tree/main/parts/oobb_part_tray_vertical_15_09_21,,Oobb Part Tray Vertical 15 09 21
https://github.com/oomlout/oomlout_oomp_current_version_messy/tree/main/parts/oobb_part_tray_vertical_15_09_21,9e62da,Oobb Part Tray Vertical 15 09 21
https://github.com/oomlout/oomlout_oomp_current_version_messy/tree/main/parts/oobb_part_tray_vertical_15_09_21,66h96,Oobb Part Tray Vertical 15 09 21
https://github.com/oomlout/oomlout_oomp_current_version_messy/tree/main/parts/oobb_part_tray_vertical_15_09_24,oobb_part_tray_vertical_15_09_24,Oobb Part Tray Vertical 15 09 24
https://github.com/oomlout/oomlout_oomp_current_version_messy/tree/main/parts/oobb_part_tray_vertical_15_09_24,,Oobb Part Tray Vertical 15 09 24
https://github.com/oomlout/oomlout_oomp_current_version_messy/tree/main/parts/oobb_part_tray_vertical_15_09_24,f4b3fb,Oobb Part Tray Vertical 15 09 24
https://github.com/oomlout/oomlout_oomp_current_version_messy/tree/main/parts/oobb_part_tray_vertical_15_09_24,9jq4b,Oobb Part Tray Vertical 15 09 24
https://github.com/oomlout/oomlout_oomp_current_version_messy/tree/main/parts/oobb_part_tray_vertical_15_09_27,oobb_part_tray_vertical_15_09_27,Oobb Part Tray Vertical 15 09 27
https://github.com/oomlout/oomlout_oomp_current_version_messy/tree/main/parts/oobb_part_tray_vertical_15_09_27,,Oobb Part Tray Vertical 15 09 27
https://github.com/oomlout/oomlout_oomp_current_version_messy/tree/main/parts/oobb_part_tray_vertical_15_09_27,e3a207,Oobb Part Tray Vertical 15 09 27
https://github.com/oomlout/oomlout_oomp_current_version_messy/tree/main/parts/oobb_part_tray_vertical_15_09_27,8vqx3,Oobb Part Tray Vertical 15 09 27
https://github.com/oomlout/oomlout_oomp_current_version_messy/tree/main/parts/oobb_part_tray_vertical_15_09_30,oobb_part_tray_vertical_15_09_30,Oobb Part Tray Vertical 15 09 30
https://github.com/oomlout/oomlout_oomp_current_version_messy/tree/main/parts/oobb_part_tray_vertical_15_09_30,,Oobb Part Tray Vertical 15 09 30
https://github.com/oomlout/oomlout_oomp_current_version_messy/tree/main/parts/oobb_part_tray_vertical_15_09_30,8aedb5,Oobb Part Tray Vertical 15 09 30
https://github.com/oomlout/oomlout_oomp_current_version_messy/tree/main/parts/oobb_part_tray_vertical_15_09_30,5f5bp,Oobb Part Tray Vertical 15 09 30
https://github.com/oomlout/oomlout_oomp_current_version_messy/tree/main/parts/oobb_part_tray_vertical_15_09_60,oobb_part_tray_vertical_15_09_60,Oobb Part Tray Vertical 15 09 60
https://github.com/oomlout/oomlout_oomp_current_version_messy/tree/main/parts/oobb_part_tray_vertical_15_09_60,,Oobb Part Tray Vertical 15 09 60
https://github.com/oomlout/oomlout_oomp_current_version_messy/tree/main/parts/oobb_part_tray_vertical_15_09_60,9731d6,Oobb Part Tray Vertical 15 09 60
https://github.com/oomlout/oomlout_oomp_current_version_messy/tree/main/parts/oobb_part_tray_vertical_15_09_60,5wdli,Oobb Part Tray Vertical 15 09 60
https://github.com/oomlout/oomlout_oomp_current_version_messy/tree/main/parts/oobb_part_tray_vertical_15_09_90,oobb_part_tray_vertical_15_09_90,Oobb Part Tray Vertical 15 09 90
https://github.com/oomlout/oomlout_oomp_current_version_messy/tree/main/parts/oobb_part_tray_vertical_15_09_90,,Oobb Part Tray Vertical 15 09 90
https://github.com/oomlout/oomlout_oomp_current_version_messy/tree/main/parts/oobb_part_tray_vertical_15_09_90,30c531,Oobb Part Tray Vertical 15 09 90
https://github.com/oomlout/oomlout_oomp_current_version_messy/tree/main/parts/oobb_part_tray_vertical_15_09_90,1wi7l,Oobb Part Tray Vertical 15 09 90
https://github.com/oomlout/oomlout_oomp_current_version_messy/tree/main/parts/oobb_part_tray_vertical_15_10_09,oobb_part_tray_vertical_15_10_09,Oobb Part Tray Vertical 15 10 09
https://github.com/oomlout/oomlout_oomp_current_version_messy/tree/main/parts/oobb_part_tray_vertical_15_10_09,,Oobb Part Tray Vertical 15 10 09
https://github.com/oomlout/oomlout_oomp_current_version_messy/tree/main/parts/oobb_part_tray_vertical_15_10_09,022031,Oobb Part Tray Vertical 15 10 09
https://github.com/oomlout/oomlout_oomp_current_version_messy/tree/main/parts/oobb_part_tray_vertical_15_10_09,2zht,Oobb Part Tray Vertical 15 10 09
https://github.com/oomlout/oomlout_oomp_current_version_messy/tree/main/parts/oobb_part_tray_vertical_15_10_12,oobb_part_tray_vertical_15_10_12,Oobb Part Tray Vertical 15 10 12
https://github.com/oomlout/oomlout_oomp_current_version_messy/tree/main/parts/oobb_part_tray_vertical_15_10_12,,Oobb Part Tray Vertical 15 10 12
https://github.com/oomlout/oomlout_oomp_current_version_messy/tree/main/parts/oobb_part_tray_vertical_15_10_12,909d81,Oobb Part Tray Vertical 15 10 12
https://github.com/oomlout/oomlout_oomp_current_version_messy/tree/main/parts/oobb_part_tray_vertical_15_10_12,5n4w1,Oobb Part Tray Vertical 15 10 12
https://github.com/oomlout/oomlout_oomp_current_version_messy/tree/main/parts/oobb_part_tray_vertical_15_10_15,oobb_part_tray_vertical_15_10_15,Oobb Part Tray Vertical 15 10 15
https://github.com/oomlout/oomlout_oomp_current_version_messy/tree/main/parts/oobb_part_tray_vertical_15_10_15,,Oobb Part Tray Vertical 15 10 15
https://github.com/oomlout/oomlout_oomp_current_version_messy/tree/main/parts/oobb_part_tray_vertical_15_10_15,0e6029,Oobb Part Tray Vertical 15 10 15
https://github.com/oomlout/oomlout_oomp_current_version_messy/tree/main/parts/oobb_part_tray_vertical_15_10_15,k6y1,Oobb Part Tray Vertical 15 10 15
https://github.com/oomlout/oomlout_oomp_current_version_messy/tree/main/parts/oobb_part_tray_vertical_15_10_18,oobb_part_tray_vertical_15_10_18,Oobb Part Tray Vertical 15 10 18
https://github.com/oomlout/oomlout_oomp_current_version_messy/tree/main/parts/oobb_part_tray_vertical_15_10_18,,Oobb Part Tray Vertical 15 10 18
https://github.com/oomlout/oomlout_oomp_current_version_messy/tree/main/parts/oobb_part_tray_vertical_15_10_18,2841d6,Oobb Part Tray Vertical 15 10 18
https://github.com/oomlout/oomlout_oomp_current_version_messy/tree/main/parts/oobb_part_tray_vertical_15_10_18,1kjpy,Oobb Part Tray Vertical 15 10 18
https://github.com/oomlout/oomlout_oomp_current_version_messy/tree/main/parts/oobb_part_tray_vertical_15_10_21,oobb_part_tray_vertical_15_10_21,Oobb Part Tray Vertical 15 10 21
https://github.com/oomlout/oomlout_oomp_current_version_messy/tree/main/parts/oobb_part_tray_vertical_15_10_21,,Oobb Part Tray Vertical 15 10 21
https://github.com/oomlout/oomlout_oomp_current_version_messy/tree/main/parts/oobb_part_tray_vertical_15_10_21,a481af,Oobb Part Tray Vertical 15 10 21
https://github.com/oomlout/oomlout_oomp_current_version_messy/tree/main/parts/oobb_part_tray_vertical_15_10_21,6f2r3,Oobb Part Tray Vertical 15 10 21
https://github.com/oomlout/oomlout_oomp_current_version_messy/tree/main/parts/oobb_part_tray_vertical_15_10_24,oobb_part_tray_vertical_15_10_24,Oobb Part Tray Vertical 15 10 24
https://github.com/oomlout/oomlout_oomp_current_version_messy/tree/main/parts/oobb_part_tray_vertical_15_10_24,,Oobb Part Tray Vertical 15 10 24
https://github.com/oomlout/oomlout_oomp_current_version_messy/tree/main/parts/oobb_part_tray_vertical_15_10_24,0110ee,Oobb Part Tray Vertical 15 10 24
https://github.com/oomlout/oomlout_oomp_current_version_messy/tree/main/parts/oobb_part_tray_vertical_15_10_24,1hwu,Oobb Part Tray Vertical 15 10 24
https://github.com/oomlout/oomlout_oomp_current_version_messy/tree/main/parts/oobb_part_tray_vertical_15_10_27,oobb_part_tray_vertical_15_10_27,Oobb Part Tray Vertical 15 10 27
https://github.com/oomlout/oomlout_oomp_current_version_messy/tree/main/parts/oobb_part_tray_vertical_15_10_27,,Oobb Part Tray Vertical 15 10 27
https://github.com/oomlout/oomlout_oomp_current_version_messy/tree/main/parts/oobb_part_tray_vertical_15_10_27,e5115b,Oobb Part Tray Vertical 15 10 27
https://github.com/oomlout/oomlout_oomp_current_version_messy/tree/main/parts/oobb_part_tray_vertical_15_10_27,8xrh7,Oobb Part Tray Vertical 15 10 27
https://github.com/oomlout/oomlout_oomp_current_version_messy/tree/main/parts/oobb_part_tray_vertical_15_10_30,oobb_part_tray_vertical_15_10_30,Oobb Part Tray Vertical 15 10 30
https://github.com/oomlout/oomlout_oomp_current_version_messy/tree/main/parts/oobb_part_tray_vertical_15_10_30,,Oobb Part Tray Vertical 15 10 30
https://github.com/oomlout/oomlout_oomp_current_version_messy/tree/main/parts/oobb_part_tray_vertical_15_10_30,b4ae57,Oobb Part Tray Vertical 15 10 30
https://github.com/oomlout/oomlout_oomp_current_version_messy/tree/main/parts/oobb_part_tray_vertical_15_10_30,71snr,Oobb Part Tray Vertical 15 10 30
https://github.com/oomlout/oomlout_oomp_current_version_messy/tree/main/parts/oobb_part_tray_vertical_15_10_60,oobb_part_tray_vertical_15_10_60,Oobb Part Tray Vertical 15 10 60
https://github.com/oomlout/oomlout_oomp_current_version_messy/tree/main/parts/oobb_part_tray_vertical_15_10_60,,Oobb Part Tray Vertical 15 10 60
https://github.com/oomlout/oomlout_oomp_current_version_messy/tree/main/parts/oobb_part_tray_vertical_15_10_60,9ddb43,Oobb Part Tray Vertical 15 10 60
https://github.com/oomlout/oomlout_oomp_current_version_messy/tree/main/parts/oobb_part_tray_vertical_15_10_60,65qgz,Oobb Part Tray Vertical 15 10 60
https://github.com/oomlout/oomlout_oomp_current_version_messy/tree/main/parts/oobb_part_tray_vertical_15_10_90,oobb_part_tray_vertical_15_10_90,Oobb Part Tray Vertical 15 10 90
https://github.com/oomlout/oomlout_oomp_current_version_messy/tree/main/parts/oobb_part_tray_vertical_15_10_90,,Oobb Part Tray Vertical 15 10 90
https://github.com/oomlout/oomlout_oomp_current_version_messy/tree/main/parts/oobb_part_tray_vertical_15_10_90,4f6fe1,Oobb Part Tray Vertical 15 10 90
https://github.com/oomlout/oomlout_oomp_current_version_messy/tree/main/parts/oobb_part_tray_vertical_15_10_90,33kyp,Oobb Part Tray Vertical 15 10 90
https://github.com/oomlout/oomlout_oomp_current_version_messy/tree/main/parts/oobb_part_tray_vertical_15_11_09,oobb_part_tray_vertical_15_11_09,Oobb Part Tray Vertical 15 11 09
https://github.com/oomlout/oomlout_oomp_current_version_messy/tree/main/parts/oobb_part_tray_vertical_15_11_09,,Oobb Part Tray Vertical 15 11 09
https://github.com/oomlout/oomlout_oomp_current_version_messy/tree/main/parts/oobb_part_tray_vertical_15_11_09,c4fa38,Oobb Part Tray Vertical 15 11 09
https://github.com/oomlout/oomlout_oomp_current_version_messy/tree/main/parts/oobb_part_tray_vertical_15_11_09,7ooqg,Oobb Part Tray Vertical 15 11 09
https://github.com/oomlout/oomlout_oomp_current_version_messy/tree/main/parts/oobb_part_tray_vertical_15_11_12,oobb_part_tray_vertical_15_11_12,Oobb Part Tray Vertical 15 11 12
https://github.com/oomlout/oomlout_oomp_current_version_messy/tree/main/parts/oobb_part_tray_vertical_15_11_12,,Oobb Part Tray Vertical 15 11 12
https://github.com/oomlout/oomlout_oomp_current_version_messy/tree/main/parts/oobb_part_tray_vertical_15_11_12,3c4cc9,Oobb Part Tray Vertical 15 11 12
https://github.com/oomlout/oomlout_oomp_current_version_messy/tree/main/parts/oobb_part_tray_vertical_15_11_12,2cp8p,Oobb Part Tray Vertical 15 11 12
https://github.com/oomlout/oomlout_oomp_current_version_messy/tree/main/parts/oobb_part_tray_vertical_15_11_15,oobb_part_tray_vertical_15_11_15,Oobb Part Tray Vertical 15 11 15
https://github.com/oomlout/oomlout_oomp_current_version_messy/tree/main/parts/oobb_part_tray_vertical_15_11_15,,Oobb Part Tray Vertical 15 11 15
https://github.com/oomlout/oomlout_oomp_current_version_messy/tree/main/parts/oobb_part_tray_vertical_15_11_15,c2ce94,Oobb Part Tray Vertical 15 11 15
https://github.com/oomlout/oomlout_oomp_current_version_messy/tree/main/parts/oobb_part_tray_vertical_15_11_15,7lmz8,Oobb Part Tray Vertical 15 11 15
https://github.com/oomlout/oomlout_oomp_current_version_messy/tree/main/parts/oobb_part_tray_vertical_15_11_18,oobb_part_tray_vertical_15_11_18,Oobb Part Tray Vertical 15 11 18
https://github.com/oomlout/oomlout_oomp_current_version_messy/tree/main/parts/oobb_part_tray_vertical_15_11_18,,Oobb Part Tray Vertical 15 11 18
https://github.com/oomlout/oomlout_oomp_current_version_messy/tree/main/parts/oobb_part_tray_vertical_15_11_18,15b282,Oobb Part Tray Vertical 15 11 18
https://github.com/oomlout/oomlout_oomp_current_version_messy/tree/main/parts/oobb_part_tray_vertical_15_11_18,uh6q,Oobb Part Tray Vertical 15 11 18
https://github.com/oomlout/oomlout_oomp_current_version_messy/tree/main/parts/oobb_part_tray_vertical_15_11_21,oobb_part_tray_vertical_15_11_21,Oobb Part Tray Vertical 15 11 21
https://github.com/oomlout/oomlout_oomp_current_version_messy/tree/main/parts/oobb_part_tray_vertical_15_11_21,,Oobb Part Tray Vertical 15 11 21
https://github.com/oomlout/oomlout_oomp_current_version_messy/tree/main/parts/oobb_part_tray_vertical_15_11_21,a0ca27,Oobb Part Tray Vertical 15 11 21
https://github.com/oomlout/oomlout_oomp_current_version_messy/tree/main/parts/oobb_part_tray_vertical_15_11_21,69usn,Oobb Part Tray Vertical 15 11 21
https://github.com/oomlout/oomlout_oomp_current_version_messy/tree/main/parts/oobb_part_tray_vertical_15_11_24,oobb_part_tray_vertical_15_11_24,Oobb Part Tray Vertical 15 11 24
https://github.com/oomlout/oomlout_oomp_current_version_messy/tree/main/parts/oobb_part_tray_vertical_15_11_24,,Oobb Part Tray Vertical 15 11 24
https://github.com/oomlout/oomlout_oomp_current_version_messy/tree/main/parts/oobb_part_tray_vertical_15_11_24,a21133,Oobb Part Tray Vertical 15 11 24
https://github.com/oomlout/oomlout_oomp_current_version_messy/tree/main/parts/oobb_part_tray_vertical_15_11_24,6bneb,Oobb Part Tray Vertical 15 11 24
https://github.com/oomlout/oomlout_oomp_current_version_messy/tree/main/parts/oobb_part_tray_vertical_15_11_27,oobb_part_tray_vertical_15_11_27,Oobb Part Tray Vertical 15 11 27
https://github.com/oomlout/oomlout_oomp_current_version_messy/tree/main/parts/oobb_part_tray_vertical_15_11_27,,Oobb Part Tray Vertical 15 11 27
https://github.com/oomlout/oomlout_oomp_current_version_messy/tree/main/parts/oobb_part_tray_vertical_15_11_27,6104e8,Oobb Part Tray Vertical 15 11 27
https://github.com/oomlout/oomlout_oomp_current_version_messy/tree/main/parts/oobb_part_tray_vertical_15_11_27,3sa20,Oobb Part Tray Vertical 15 11 27
https://github.com/oomlout/oomlout_oomp_current_version_messy/tree/main/parts/oobb_part_tray_vertical_15_11_30,oobb_part_tray_vertical_15_11_30,Oobb Part Tray Vertical 15 11 30
https://github.com/oomlout/oomlout_oomp_current_version_messy/tree/main/parts/oobb_part_tray_vertical_15_11_30,,Oobb Part Tray Vertical 15 11 30
https://github.com/oomlout/oomlout_oomp_current_version_messy/tree/main/parts/oobb_part_tray_vertical_15_11_30,cc61b3,Oobb Part Tray Vertical 15 11 30
https://github.com/oomlout/oomlout_oomp_current_version_messy/tree/main/parts/oobb_part_tray_vertical_15_11_30,7z35f,Oobb Part Tray Vertical 15 11 30
https://github.com/oomlout/oomlout_oomp_current_version_messy/tree/main/parts/oobb_part_tray_vertical_15_11_60,oobb_part_tray_vertical_15_11_60,Oobb Part Tray Vertical 15 11 60
https://github.com/oomlout/oomlout_oomp_current_version_messy/tree/main/parts/oobb_part_tray_vertical_15_11_60,,Oobb Part Tray Vertical 15 11 60
https://github.com/oomlout/oomlout_oomp_current_version_messy/tree/main/parts/oobb_part_tray_vertical_15_11_60,3b6029,Oobb Part Tray Vertical 15 11 60
https://github.com/oomlout/oomlout_oomp_current_version_messy/tree/main/parts/oobb_part_tray_vertical_15_11_60,2bei1,Oobb Part Tray Vertical 15 11 60
https://github.com/oomlout/oomlout_oomp_current_version_messy/tree/main/parts/oobb_part_tray_vertical_15_11_90,oobb_part_tray_vertical_15_11_90,Oobb Part Tray Vertical 15 11 90
https://github.com/oomlout/oomlout_oomp_current_version_messy/tree/main/parts/oobb_part_tray_vertical_15_11_90,,Oobb Part Tray Vertical 15 11 90
https://github.com/oomlout/oomlout_oomp_current_version_messy/tree/main/parts/oobb_part_tray_vertical_15_11_90,1b82fe,Oobb Part Tray Vertical 15 11 90
https://github.com/oomlout/oomlout_oomp_current_version_messy/tree/main/parts/oobb_part_tray_vertical_15_11_90,12n7i,Oobb Part Tray Vertical 15 11 90
https://github.com/oomlout/oomlout_oomp_current_version_messy/tree/main/parts/oobb_part_tray_vertical_15_12_09,oobb_part_tray_vertical_15_12_09,Oobb Part Tray Vertical 15 12 09
https://github.com/oomlout/oomlout_oomp_current_version_messy/tree/main/parts/oobb_part_tray_vertical_15_12_09,,Oobb Part Tray Vertical 15 12 09
https://github.com/oomlout/oomlout_oomp_current_version_messy/tree/main/parts/oobb_part_tray_vertical_15_12_09,418f12,Oobb Part Tray Vertical 15 12 09
https://github.com/oomlout/oomlout_oomp_current_version_messy/tree/main/parts/oobb_part_tray_vertical_15_12_09,2k36a,Oobb Part Tray Vertical 15 12 09
https://github.com/oomlout/oomlout_oomp_current_version_messy/tree/main/parts/oobb_part_tray_vertical_15_12_12,oobb_part_tray_vertical_15_12_12,Oobb Part Tray Vertical 15 12 12
https://github.com/oomlout/oomlout_oomp_current_version_messy/tree/main/parts/oobb_part_tray_vertical_15_12_12,,Oobb Part Tray Vertical 15 12 12
https://github.com/oomlout/oomlout_oomp_current_version_messy/tree/main/parts/oobb_part_tray_vertical_15_12_12,adc21c,Oobb Part Tray Vertical 15 12 12
https://github.com/oomlout/oomlout_oomp_current_version_messy/tree/main/parts/oobb_part_tray_vertical_15_12_12,6s2l8,Oobb Part Tray Vertical 15 12 12
https://github.com/oomlout/oomlout_oomp_current_version_messy/tree/main/parts/oobb_part_tray_vertical_15_12_15,oobb_part_tray_vertical_15_12_15,Oobb Part Tray Vertical 15 12 15
https://github.com/oomlout/oomlout_oomp_current_version_messy/tree/main/parts/oobb_part_tray_vertical_15_12_15,,Oobb Part Tray Vertical 15 12 15
https://github.com/oomlout/oomlout_oomp_current_version_messy/tree/main/parts/oobb_part_tray_vertical_15_12_15,0a9936,Oobb Part Tray Vertical 15 12 15
https://github.com/oomlout/oomlout_oomp_current_version_messy/tree/main/parts/oobb_part_tray_vertical_15_12_15,evxy,Oobb Part Tray Vertical 15 12 15
https://github.com/oomlout/oomlout_oomp_current_version_messy/tree/main/parts/oobb_part_tray_vertical_15_12_18,oobb_part_tray_vertical_15_12_18,Oobb Part Tray Vertical 15 12 18
https://github.com/oomlout/oomlout_oomp_current_version_messy/tree/main/parts/oobb_part_tray_vertical_15_12_18,,Oobb Part Tray Vertical 15 12 18
https://github.com/oomlout/oomlout_oomp_current_version_messy/tree/main/parts/oobb_part_tray_vertical_15_12_18,fa20b1,Oobb Part Tray Vertical 15 12 18
https://github.com/oomlout/oomlout_oomp_current_version_messy/tree/main/parts/oobb_part_tray_vertical_15_12_18,9rcfl,Oobb Part Tray Vertical 15 12 18
https://github.com/oomlout/oomlout_oomp_current_version_messy/tree/main/parts/oobb_part_tray_vertical_15_12_21,oobb_part_tray_vertical_15_12_21,Oobb Part Tray Vertical 15 12 21
https://github.com/oomlout/oomlout_oomp_current_version_messy/tree/main/parts/oobb_part_tray_vertical_15_12_21,,Oobb Part Tray Vertical 15 12 21
https://github.com/oomlout/oomlout_oomp_current_version_messy/tree/main/parts/oobb_part_tray_vertical_15_12_21,00b16d,Oobb Part Tray Vertical 15 12 21
https://github.com/oomlout/oomlout_oomp_current_version_messy/tree/main/parts/oobb_part_tray_vertical_15_12_21,z1p,Oobb Part Tray Vertical 15 12 21
https://github.com/oomlout/oomlout_oomp_current_version_messy/tree/main/parts/oobb_part_tray_vertical_15_12_24,oobb_part_tray_vertical_15_12_24,Oobb Part Tray Vertical 15 12 24
https://github.com/oomlout/oomlout_oomp_current_version_messy/tree/main/parts/oobb_part_tray_vertical_15_12_24,,Oobb Part Tray Vertical 15 12 24
https://github.com/oomlout/oomlout_oomp_current_version_messy/tree/main/parts/oobb_part_tray_vertical_15_12_24,a0dcb2,Oobb Part Tray Vertical 15 12 24
https://github.com/oomlout/oomlout_oomp_current_version_messy/tree/main/parts/oobb_part_tray_vertical_15_12_24,69ygi,Oobb Part Tray Vertical 15 12 24
https://github.com/oomlout/oomlout_oomp_current_version_messy/tree/main/parts/oobb_part_tray_vertical_15_12_27,oobb_part_tray_vertical_15_12_27,Oobb Part Tray Vertical 15 12 27
https://github.com/oomlout/oomlout_oomp_current_version_messy/tree/main/parts/oobb_part_tray_vertical_15_12_27,,Oobb Part Tray Vertical 15 12 27
https://github.com/oomlout/oomlout_oomp_current_version_messy/tree/main/parts/oobb_part_tray_vertical_15_12_27,319883,Oobb Part Tray Vertical 15 12 27
https://github.com/oomlout/oomlout_oomp_current_version_messy/tree/main/parts/oobb_part_tray_vertical_15_12_27,1xnyb,Oobb Part Tray Vertical 15 12 27
https://github.com/oomlout/oomlout_oomp_current_version_messy/tree/main/parts/oobb_part_tray_vertical_15_12_30,oobb_part_tray_vertical_15_12_30,Oobb Part Tray Vertical 15 12 30
https://github.com/oomlout/oomlout_oomp_current_version_messy/tree/main/parts/oobb_part_tray_vertical_15_12_30,,Oobb Part Tray Vertical 15 12 30
https://github.com/oomlout/oomlout_oomp_current_version_messy/tree/main/parts/oobb_part_tray_vertical_15_12_30,c4c041,Oobb Part Tray Vertical 15 12 30
https://github.com/oomlout/oomlout_oomp_current_version_messy/tree/main/parts/oobb_part_tray_vertical_15_12_30,7oda9,Oobb Part Tray Vertical 15 12 30
https://github.com/oomlout/oomlout_oomp_current_version_messy/tree/main/parts/oobb_part_tray_vertical_15_12_60,oobb_part_tray_vertical_15_12_60,Oobb Part Tray Vertical 15 12 60
https://github.com/oomlout/oomlout_oomp_current_version_messy/tree/main/parts/oobb_part_tray_vertical_15_12_60,,Oobb Part Tray Vertical 15 12 60
https://github.com/oomlout/oomlout_oomp_current_version_messy/tree/main/parts/oobb_part_tray_vertical_15_12_60,978e7e,Oobb Part Tray Vertical 15 12 60
https://github.com/oomlout/oomlout_oomp_current_version_messy/tree/main/parts/oobb_part_tray_vertical_15_12_60,5wvwe,Oobb Part Tray Vertical 15 12 60
https://github.com/oomlout/oomlout_oomp_current_version_messy/tree/main/parts/oobb_part_tray_vertical_15_12_90,oobb_part_tray_vertical_15_12_90,Oobb Part Tray Vertical 15 12 90
https://github.com/oomlout/oomlout_oomp_current_version_messy/tree/main/parts/oobb_part_tray_vertical_15_12_90,,Oobb Part Tray Vertical 15 12 90
https://github.com/oomlout/oomlout_oomp_current_version_messy/tree/main/parts/oobb_part_tray_vertical_15_12_90,ad3cc9,Oobb Part Tray Vertical 15 12 90
https://github.com/oomlout/oomlout_oomp_current_version_messy/tree/main/parts/oobb_part_tray_vertical_15_12_90,6rc95,Oobb Part Tray Vertical 15 12 90
https://github.com/oomlout/oomlout_oomp_current_version_messy/tree/main/parts/oobb_part_tray_vertical_15_13_09,oobb_part_tray_vertical_15_13_09,Oobb Part Tray Vertical 15 13 09
https://github.com/oomlout/oomlout_oomp_current_version_messy/tree/main/parts/oobb_part_tray_vertical_15_13_09,,Oobb Part Tray Vertical 15 13 09
https://github.com/oomlout/oomlout_oomp_current_version_messy/tree/main/parts/oobb_part_tray_vertical_15_13_09,8e9774,Oobb Part Tray Vertical 15 13 09
https://github.com/oomlout/oomlout_oomp_current_version_messy/tree/main/parts/oobb_part_tray_vertical_15_13_09,5kak4,Oobb Part Tray Vertical 15 13 09
https://github.com/oomlout/oomlout_oomp_current_version_messy/tree/main/parts/oobb_part_tray_vertical_15_13_12,oobb_part_tray_vertical_15_13_12,Oobb Part Tray Vertical 15 13 12
https://github.com/oomlout/oomlout_oomp_current_version_messy/tree/main/parts/oobb_part_tray_vertical_15_13_12,,Oobb Part Tray Vertical 15 13 12
https://github.com/oomlout/oomlout_oomp_current_version_messy/tree/main/parts/oobb_part_tray_vertical_15_13_12,b03c8d,Oobb Part Tray Vertical 15 13 12
https://github.com/oomlout/oomlout_oomp_current_version_messy/tree/main/parts/oobb_part_tray_vertical_15_13_12,6vjwt,Oobb Part Tray Vertical 15 13 12
https://github.com/oomlout/oomlout_oomp_current_version_messy/tree/main/parts/oobb_part_tray_vertical_15_13_15,oobb_part_tray_vertical_15_13_15,Oobb Part Tray Vertical 15 13 15
https://github.com/oomlout/oomlout_oomp_current_version_messy/tree/main/parts/oobb_part_tray_vertical_15_13_15,,Oobb Part Tray Vertical 15 13 15
https://github.com/oomlout/oomlout_oomp_current_version_messy/tree/main/parts/oobb_part_tray_vertical_15_13_15,874f44,Oobb Part Tray Vertical 15 13 15
https://github.com/oomlout/oomlout_oomp_current_version_messy/tree/main/parts/oobb_part_tray_vertical_15_13_15,5a2bo,Oobb Part Tray Vertical 15 13 15
https://github.com/oomlout/oomlout_oomp_current_version_messy/tree/main/parts/oobb_part_tray_vertical_15_13_18,oobb_part_tray_vertical_15_13_18,Oobb Part Tray Vertical 15 13 18
https://github.com/oomlout/oomlout_oomp_current_version_messy/tree/main/parts/oobb_part_tray_vertical_15_13_18,,Oobb Part Tray Vertical 15 13 18
https://github.com/oomlout/oomlout_oomp_current_version_messy/tree/main/parts/oobb_part_tray_vertical_15_13_18,1cd823,Oobb Part Tray Vertical 15 13 18
https://github.com/oomlout/oomlout_oomp_current_version_messy/tree/main/parts/oobb_part_tray_vertical_15_13_18,14ilf,Oobb Part Tray Vertical 15 13 18
https://github.com/oomlout/oomlout_oomp_current_version_messy/tree/main/parts/oobb_part_tray_vertical_15_13_21,oobb_part_tray_vertical_15_13_21,Oobb Part Tray Vertical 15 13 21
https://github.com/oomlout/oomlout_oomp_current_version_messy/tree/main/parts/oobb_part_tray_vertical_15_13_21,,Oobb Part Tray Vertical 15 13 21
https://github.com/oomlout/oomlout_oomp_current_version_messy/tree/main/parts/oobb_part_tray_vertical_15_13_21,f64cbb,Oobb Part Tray Vertical 15 13 21
https://github.com/oomlout/oomlout_oomp_current_version_messy/tree/main/parts/oobb_part_tray_vertical_15_13_21,9lyuz,Oobb Part Tray Vertical 15 13 21
https://github.com/oomlout/oomlout_oomp_current_version_messy/tree/main/parts/oobb_part_tray_vertical_15_13_24,oobb_part_tray_vertical_15_13_24,Oobb Part Tray Vertical 15 13 24
https://github.com/oomlout/oomlout_oomp_current_version_messy/tree/main/parts/oobb_part_tray_vertical_15_13_24,,Oobb Part Tray Vertical 15 13 24
https://github.com/oomlout/oomlout_oomp_current_version_messy/tree/main/parts/oobb_part_tray_vertical_15_13_24,a755b6,Oobb Part Tray Vertical 15 13 24
https://github.com/oomlout/oomlout_oomp_current_version_messy/tree/main/parts/oobb_part_tray_vertical_15_13_24,6j1rq,Oobb Part Tray Vertical 15 13 24
https://github.com/oomlout/oomlout_oomp_current_version_messy/tree/main/parts/oobb_part_tray_vertical_15_13_27,oobb_part_tray_vertical_15_13_27,Oobb Part Tray Vertical 15 13 27
https://github.com/oomlout/oomlout_oomp_current_version_messy/tree/main/parts/oobb_part_tray_vertical_15_13_27,,Oobb Part Tray Vertical 15 13 27
https://github.com/oomlout/oomlout_oomp_current_version_messy/tree/main/parts/oobb_part_tray_vertical_15_13_27,ecbf3d,Oobb Part Tray Vertical 15 13 27
https://github.com/oomlout/oomlout_oomp_current_version_messy/tree/main/parts/oobb_part_tray_vertical_15_13_27,98jst,Oobb Part Tray Vertical 15 13 27
https://github.com/oomlout/oomlout_oomp_current_version_messy/tree/main/parts/oobb_part_tray_vertical_15_13_30,oobb_part_tray_vertical_15_13_30,Oobb Part Tray Vertical 15 13 30
https://github.com/oomlout/oomlout_oomp_current_version_messy/tree/main/parts/oobb_part_tray_vertical_15_13_30,,Oobb Part Tray Vertical 15 13 30
https://github.com/oomlout/oomlout_oomp_current_version_messy/tree/main/parts/oobb_part_tray_vertical_15_13_30,3771ab,Oobb Part Tray Vertical 15 13 30
https://github.com/oomlout/oomlout_oomp_current_version_messy/tree/main/parts/oobb_part_tray_vertical_15_13_30,25vor,Oobb Part Tray Vertical 15 13 30
https://github.com/oomlout/oomlout_oomp_current_version_messy/tree/main/parts/oobb_part_tray_vertical_15_13_60,oobb_part_tray_vertical_15_13_60,Oobb Part Tray Vertical 15 13 60
https://github.com/oomlout/oomlout_oomp_current_version_messy/tree/main/parts/oobb_part_tray_vertical_15_13_60,,Oobb Part Tray Vertical 15 13 60
https://github.com/oomlout/oomlout_oomp_current_version_messy/tree/main/parts/oobb_part_tray_vertical_15_13_60,eec69a,Oobb Part Tray Vertical 15 13 60
https://github.com/oomlout/oomlout_oomp_current_version_messy/tree/main/parts/oobb_part_tray_vertical_15_13_60,9bee2,Oobb Part Tray Vertical 15 13 60
https://github.com/oomlout/oomlout_oomp_current_version_messy/tree/main/parts/oobb_part_tray_vertical_15_13_90,oobb_part_tray_vertical_15_13_90,Oobb Part Tray Vertical 15 13 90
https://github.com/oomlout/oomlout_oomp_current_version_messy/tree/main/parts/oobb_part_tray_vertical_15_13_90,,Oobb Part Tray Vertical 15 13 90
https://github.com/oomlout/oomlout_oomp_current_version_messy/tree/main/parts/oobb_part_tray_vertical_15_13_90,2bf0cc,Oobb Part Tray Vertical 15 13 90
https://github.com/oomlout/oomlout_oomp_current_version_messy/tree/main/parts/oobb_part_tray_vertical_15_13_90,1ppzg,Oobb Part Tray Vertical 15 13 90
https://github.com/oomlout/oomlout_oomp_current_version_messy/tree/main/parts/oobb_part_tray_vertical_15_14_09,oobb_part_tray_vertical_15_14_09,Oobb Part Tray Vertical 15 14 09
https://github.com/oomlout/oomlout_oomp_current_version_messy/tree/main/parts/oobb_part_tray_vertical_15_14_09,,Oobb Part Tray Vertical 15 14 09
https://github.com/oomlout/oomlout_oomp_current_version_messy/tree/main/parts/oobb_part_tray_vertical_15_14_09,2419fd,Oobb Part Tray Vertical 15 14 09
https://github.com/oomlout/oomlout_oomp_current_version_messy/tree/main/parts/oobb_part_tray_vertical_15_14_09,1epkt,Oobb Part Tray Vertical 15 14 09
https://github.com/oomlout/oomlout_oomp_current_version_messy/tree/main/parts/oobb_part_tray_vertical_15_14_12,oobb_part_tray_vertical_15_14_12,Oobb Part Tray Vertical 15 14 12
https://github.com/oomlout/oomlout_oomp_current_version_messy/tree/main/parts/oobb_part_tray_vertical_15_14_12,,Oobb Part Tray Vertical 15 14 12
https://github.com/oomlout/oomlout_oomp_current_version_messy/tree/main/parts/oobb_part_tray_vertical_15_14_12,47a1b9,Oobb Part Tray Vertical 15 14 12
https://github.com/oomlout/oomlout_oomp_current_version_messy/tree/main/parts/oobb_part_tray_vertical_15_14_12,2sm9l,Oobb Part Tray Vertical 15 14 12
https://github.com/oomlout/oomlout_oomp_current_version_messy/tree/main/parts/oobb_part_tray_vertical_15_14_15,oobb_part_tray_vertical_15_14_15,Oobb Part Tray Vertical 15 14 15
https://github.com/oomlout/oomlout_oomp_current_version_messy/tree/main/parts/oobb_part_tray_vertical_15_14_15,,Oobb Part Tray Vertical 15 14 15
https://github.com/oomlout/oomlout_oomp_current_version_messy/tree/main/parts/oobb_part_tray_vertical_15_14_15,340d9a,Oobb Part Tray Vertical 15 14 15
https://github.com/oomlout/oomlout_oomp_current_version_messy/tree/main/parts/oobb_part_tray_vertical_15_14_15,2147u,Oobb Part Tray Vertical 15 14 15
https://github.com/oomlout/oomlout_oomp_current_version_messy/tree/main/parts/oobb_part_tray_vertical_15_14_18,oobb_part_tray_vertical_15_14_18,Oobb Part Tray Vertical 15 14 18
https://github.com/oomlout/oomlout_oomp_current_version_messy/tree/main/parts/oobb_part_tray_vertical_15_14_18,,Oobb Part Tray Vertical 15 14 18
https://github.com/oomlout/oomlout_oomp_current_version_messy/tree/main/parts/oobb_part_tray_vertical_15_14_18,593f1f,Oobb Part Tray Vertical 15 14 18
https://github.com/oomlout/oomlout_oomp_current_version_messy/tree/main/parts/oobb_part_tray_vertical_15_14_18,3hd0f,Oobb Part Tray Vertical 15 14 18
https://github.com/oomlout/oomlout_oomp_current_version_messy/tree/main/parts/oobb_part_tray_vertical_15_14_21,oobb_part_tray_vertical_15_14_21,Oobb Part Tray Vertical 15 14 21
https://github.com/oomlout/oomlout_oomp_current_version_messy/tree/main/parts/oobb_part_tray_vertical_15_14_21,,Oobb Part Tray Vertical 15 14 21
https://github.com/oomlout/oomlout_oomp_current_version_messy/tree/main/parts/oobb_part_tray_vertical_15_14_21,eab67b,Oobb Part Tray Vertical 15 14 21
https://github.com/oomlout/oomlout_oomp_current_version_messy/tree/main/parts/oobb_part_tray_vertical_15_14_21,95oxn,Oobb Part Tray Vertical 15 14 21
https://github.com/oomlout/oomlout_oomp_current_version_messy/tree/main/parts/oobb_part_tray_vertical_15_14_24,oobb_part_tray_vertical_15_14_24,Oobb Part Tray Vertical 15 14 24
https://github.com/oomlout/oomlout_oomp_current_version_messy/tree/main/parts/oobb_part_tray_vertical_15_14_24,,Oobb Part Tray Vertical 15 14 24
https://github.com/oomlout/oomlout_oomp_current_version_messy/tree/main/parts/oobb_part_tray_vertical_15_14_24,8e82d7,Oobb Part Tray Vertical 15 14 24
https://github.com/oomlout/oomlout_oomp_current_version_messy/tree/main/parts/oobb_part_tray_vertical_15_14_24,5k6hj,Oobb Part Tray Vertical 15 14 24
https://github.com/oomlout/oomlout_oomp_current_version_messy/tree/main/parts/oobb_part_tray_vertical_15_14_27,oobb_part_tray_vertical_15_14_27,Oobb Part Tray Vertical 15 14 27
https://github.com/oomlout/oomlout_oomp_current_version_messy/tree/main/parts/oobb_part_tray_vertical_15_14_27,,Oobb Part Tray Vertical 15 14 27
https://github.com/oomlout/oomlout_oomp_current_version_messy/tree/main/parts/oobb_part_tray_vertical_15_14_27,ade6f9,Oobb Part Tray Vertical 15 14 27
https://github.com/oomlout/oomlout_oomp_current_version_messy/tree/main/parts/oobb_part_tray_vertical_15_14_27,6s9vd,Oobb Part Tray Vertical 15 14 27
https://github.com/oomlout/oomlout_oomp_current_version_messy/tree/main/parts/oobb_part_tray_vertical_15_14_30,oobb_part_tray_vertical_15_14_30,Oobb Part Tray Vertical 15 14 30
https://github.com/oomlout/oomlout_oomp_current_version_messy/tree/main/parts/oobb_part_tray_vertical_15_14_30,,Oobb Part Tray Vertical 15 14 30
https://github.com/oomlout/oomlout_oomp_current_version_messy/tree/main/parts/oobb_part_tray_vertical_15_14_30,1d0786,Oobb Part Tray Vertical 15 14 30
https://github.com/oomlout/oomlout_oomp_current_version_messy/tree/main/parts/oobb_part_tray_vertical_15_14_30,14rye,Oobb Part Tray Vertical 15 14 30
https://github.com/oomlout/oomlout_oomp_current_version_messy/tree/main/parts/oobb_part_tray_vertical_15_14_60,oobb_part_tray_vertical_15_14_60,Oobb Part Tray Vertical 15 14 60
https://github.com/oomlout/oomlout_oomp_current_version_messy/tree/main/parts/oobb_part_tray_vertical_15_14_60,,Oobb Part Tray Vertical 15 14 60
https://github.com/oomlout/oomlout_oomp_current_version_messy/tree/main/parts/oobb_part_tray_vertical_15_14_60,445671,Oobb Part Tray Vertical 15 14 60
https://github.com/oomlout/oomlout_oomp_current_version_messy/tree/main/parts/oobb_part_tray_vertical_15_14_60,2nzox,Oobb Part Tray Vertical 15 14 60
https://github.com/oomlout/oomlout_oomp_current_version_messy/tree/main/parts/oobb_part_tray_vertical_15_14_90,oobb_part_tray_vertical_15_14_90,Oobb Part Tray Vertical 15 14 90
https://github.com/oomlout/oomlout_oomp_current_version_messy/tree/main/parts/oobb_part_tray_vertical_15_14_90,,Oobb Part Tray Vertical 15 14 90
https://github.com/oomlout/oomlout_oomp_current_version_messy/tree/main/parts/oobb_part_tray_vertical_15_14_90,0e780a,Oobb Part Tray Vertical 15 14 90
https://github.com/oomlout/oomlout_oomp_current_version_messy/tree/main/parts/oobb_part_tray_vertical_15_14_90,kbnu,Oobb Part Tray Vertical 15 14 90
https://github.com/oomlout/oomlout_oomp_current_version_messy/tree/main/parts/oobb_part_tray_vertical_15_15_09,oobb_part_tray_vertical_15_15_09,Oobb Part Tray Vertical 15 15 09
https://github.com/oomlout/oomlout_oomp_current_version_messy/tree/main/parts/oobb_part_tray_vertical_15_15_09,,Oobb Part Tray Vertical 15 15 09
https://github.com/oomlout/oomlout_oomp_current_version_messy/tree/main/parts/oobb_part_tray_vertical_15_15_09,0907fb,Oobb Part Tray Vertical 15 15 09
https://github.com/oomlout/oomlout_oomp_current_version_messy/tree/main/parts/oobb_part_tray_vertical_15_15_09,coor,Oobb Part Tray Vertical 15 15 09
https://github.com/oomlout/oomlout_oomp_current_version_messy/tree/main/parts/oobb_part_tray_vertical_15_15_12,oobb_part_tray_vertical_15_15_12,Oobb Part Tray Vertical 15 15 12
https://github.com/oomlout/oomlout_oomp_current_version_messy/tree/main/parts/oobb_part_tray_vertical_15_15_12,,Oobb Part Tray Vertical 15 15 12
https://github.com/oomlout/oomlout_oomp_current_version_messy/tree/main/parts/oobb_part_tray_vertical_15_15_12,79b5b2,Oobb Part Tray Vertical 15 15 12
https://github.com/oomlout/oomlout_oomp_current_version_messy/tree/main/parts/oobb_part_tray_vertical_15_15_12,4qylu,Oobb Part Tray Vertical 15 15 12
https://github.com/oomlout/oomlout_oomp_current_version_messy/tree/main/parts/oobb_part_tray_vertical_15_15_15,oobb_part_tray_vertical_15_15_15,Oobb Part Tray Vertical 15 15 15
https://github.com/oomlout/oomlout_oomp_current_version_messy/tree/main/parts/oobb_part_tray_vertical_15_15_15,,Oobb Part Tray Vertical 15 15 15
https://github.com/oomlout/oomlout_oomp_current_version_messy/tree/main/parts/oobb_part_tray_vertical_15_15_15,0f7899,Oobb Part Tray Vertical 15 15 15
https://github.com/oomlout/oomlout_oomp_current_version_messy/tree/main/parts/oobb_part_tray_vertical_15_15_15,lqc9,Oobb Part Tray Vertical 15 15 15
https://github.com/oomlout/oomlout_oomp_current_version_messy/tree/main/parts/oobb_part_tray_vertical_15_15_18,oobb_part_tray_vertical_15_15_18,Oobb Part Tray Vertical 15 15 18
https://github.com/oomlout/oomlout_oomp_current_version_messy/tree/main/parts/oobb_part_tray_vertical_15_15_18,,Oobb Part Tray Vertical 15 15 18
https://github.com/oomlout/oomlout_oomp_current_version_messy/tree/main/parts/oobb_part_tray_vertical_15_15_18,bb5654,Oobb Part Tray Vertical 15 15 18
https://github.com/oomlout/oomlout_oomp_current_version_messy/tree/main/parts/oobb_part_tray_vertical_15_15_18,7b590,Oobb Part Tray Vertical 15 15 18
https://github.com/oomlout/oomlout_oomp_current_version_messy/tree/main/parts/oobb_part_tray_vertical_15_15_21,oobb_part_tray_vertical_15_15_21,Oobb Part Tray Vertical 15 15 21
https://github.com/oomlout/oomlout_oomp_current_version_messy/tree/main/parts/oobb_part_tray_vertical_15_15_21,,Oobb Part Tray Vertical 15 15 21
https://github.com/oomlout/oomlout_oomp_current_version_messy/tree/main/parts/oobb_part_tray_vertical_15_15_21,76d812,Oobb Part Tray Vertical 15 15 21
https://github.com/oomlout/oomlout_oomp_current_version_messy/tree/main/parts/oobb_part_tray_vertical_15_15_21,4mxoy,Oobb Part Tray Vertical 15 15 21
https://github.com/oomlout/oomlout_oomp_current_version_messy/tree/main/parts/oobb_part_tray_vertical_15_15_24,oobb_part_tray_vertical_15_15_24,Oobb Part Tray Vertical 15 15 24
https://github.com/oomlout/oomlout_oomp_current_version_messy/tree/main/parts/oobb_part_tray_vertical_15_15_24,,Oobb Part Tray Vertical 15 15 24
https://github.com/oomlout/oomlout_oomp_current_version_messy/tree/main/parts/oobb_part_tray_vertical_15_15_24,6234b9,Oobb Part Tray Vertical 15 15 24
https://github.com/oomlout/oomlout_oomp_current_version_messy/tree/main/parts/oobb_part_tray_vertical_15_15_24,3ty2h,Oobb Part Tray Vertical 15 15 24
https://github.com/oomlout/oomlout_oomp_current_version_messy/tree/main/parts/oobb_part_tray_vertical_15_15_27,oobb_part_tray_vertical_15_15_27,Oobb Part Tray Vertical 15 15 27
https://github.com/oomlout/oomlout_oomp_current_version_messy/tree/main/parts/oobb_part_tray_vertical_15_15_27,,Oobb Part Tray Vertical 15 15 27
https://github.com/oomlout/oomlout_oomp_current_version_messy/tree/main/parts/oobb_part_tray_vertical_15_15_27,ee83c7,Oobb Part Tray Vertical 15 15 27
https://github.com/oomlout/oomlout_oomp_current_version_messy/tree/main/parts/oobb_part_tray_vertical_15_15_27,9b16v,Oobb Part Tray Vertical 15 15 27
https://github.com/oomlout/oomlout_oomp_current_version_messy/tree/main/parts/oobb_part_tray_vertical_15_15_30,oobb_part_tray_vertical_15_15_30,Oobb Part Tray Vertical 15 15 30
https://github.com/oomlout/oomlout_oomp_current_version_messy/tree/main/parts/oobb_part_tray_vertical_15_15_30,,Oobb Part Tray Vertical 15 15 30
https://github.com/oomlout/oomlout_oomp_current_version_messy/tree/main/parts/oobb_part_tray_vertical_15_15_30,e53ee4,Oobb Part Tray Vertical 15 15 30
https://github.com/oomlout/oomlout_oomp_current_version_messy/tree/main/parts/oobb_part_tray_vertical_15_15_30,8y0h0,Oobb Part Tray Vertical 15 15 30
https://github.com/oomlout/oomlout_oomp_current_version_messy/tree/main/parts/oobb_part_tray_vertical_15_15_60,oobb_part_tray_vertical_15_15_60,Oobb Part Tray Vertical 15 15 60
https://github.com/oomlout/oomlout_oomp_current_version_messy/tree/main/parts/oobb_part_tray_vertical_15_15_60,,Oobb Part Tray Vertical 15 15 60
https://github.com/oomlout/oomlout_oomp_current_version_messy/tree/main/parts/oobb_part_tray_vertical_15_15_60,44cd48,Oobb Part Tray Vertical 15 15 60
https://github.com/oomlout/oomlout_oomp_current_version_messy/tree/main/parts/oobb_part_tray_vertical_15_15_60,2on60,Oobb Part Tray Vertical 15 15 60
https://github.com/oomlout/oomlout_oomp_current_version_messy/tree/main/parts/oobb_part_tray_vertical_15_15_90,oobb_part_tray_vertical_15_15_90,Oobb Part Tray Vertical 15 15 90
https://github.com/oomlout/oomlout_oomp_current_version_messy/tree/main/parts/oobb_part_tray_vertical_15_15_90,,Oobb Part Tray Vertical 15 15 90
https://github.com/oomlout/oomlout_oomp_current_version_messy/tree/main/parts/oobb_part_tray_vertical_15_15_90,6ae88d,Oobb Part Tray Vertical 15 15 90
https://github.com/oomlout/oomlout_oomp_current_version_messy/tree/main/parts/oobb_part_tray_vertical_15_15_90,4664t,Oobb Part Tray Vertical 15 15 90
https://github.com/oomlout/oomlout_oomp_current_version_messy/tree/main/parts/oobb_part_tray_vertical_15_1d5_09,oobb_part_tray_vertical_15_1d5_09,Oobb Part Tray Vertical 15 1D5 09
https://github.com/oomlout/oomlout_oomp_current_version_messy/tree/main/parts/oobb_part_tray_vertical_15_1d5_09,,Oobb Part Tray Vertical 15 1D5 09
https://github.com/oomlout/oomlout_oomp_current_version_messy/tree/main/parts/oobb_part_tray_vertical_15_1d5_09,59bce4,Oobb Part Tray Vertical 15 1D5 09
https://github.com/oomlout/oomlout_oomp_current_version_messy/tree/main/parts/oobb_part_tray_vertical_15_1d5_09,3i1us,Oobb Part Tray Vertical 15 1D5 09
https://github.com/oomlout/oomlout_oomp_current_version_messy/tree/main/parts/oobb_part_tray_vertical_15_1d5_12,oobb_part_tray_vertical_15_1d5_12,Oobb Part Tray Vertical 15 1D5 12
https://github.com/oomlout/oomlout_oomp_current_version_messy/tree/main/parts/oobb_part_tray_vertical_15_1d5_12,,Oobb Part Tray Vertical 15 1D5 12
https://github.com/oomlout/oomlout_oomp_current_version_messy/tree/main/parts/oobb_part_tray_vertical_15_1d5_12,b2ded4,Oobb Part Tray Vertical 15 1D5 12
https://github.com/oomlout/oomlout_oomp_current_version_messy/tree/main/parts/oobb_part_tray_vertical_15_1d5_12,6z93o,Oobb Part Tray Vertical 15 1D5 12
https://github.com/oomlout/oomlout_oomp_current_version_messy/tree/main/parts/oobb_part_tray_vertical_15_1d5_15,oobb_part_tray_vertical_15_1d5_15,Oobb Part Tray Vertical 15 1D5 15
https://github.com/oomlout/oomlout_oomp_current_version_messy/tree/main/parts/oobb_part_tray_vertical_15_1d5_15,,Oobb Part Tray Vertical 15 1D5 15
https://github.com/oomlout/oomlout_oomp_current_version_messy/tree/main/parts/oobb_part_tray_vertical_15_1d5_15,d3c801,Oobb Part Tray Vertical 15 1D5 15
https://github.com/oomlout/oomlout_oomp_current_version_messy/tree/main/parts/oobb_part_tray_vertical_15_1d5_15,89hc1,Oobb Part Tray Vertical 15 1D5 15
https://github.com/oomlout/oomlout_oomp_current_version_messy/tree/main/parts/oobb_part_tray_vertical_15_1d5_18,oobb_part_tray_vertical_15_1d5_18,Oobb Part Tray Vertical 15 1D5 18
https://github.com/oomlout/oomlout_oomp_current_version_messy/tree/main/parts/oobb_part_tray_vertical_15_1d5_18,,Oobb Part Tray Vertical 15 1D5 18
https://github.com/oomlout/oomlout_oomp_current_version_messy/tree/main/parts/oobb_part_tray_vertical_15_1d5_18,377677,Oobb Part Tray Vertical 15 1D5 18
https://github.com/oomlout/oomlout_oomp_current_version_messy/tree/main/parts/oobb_part_tray_vertical_15_1d5_18,25wmv,Oobb Part Tray Vertical 15 1D5 18
https://github.com/oomlout/oomlout_oomp_current_version_messy/tree/main/parts/oobb_part_tray_vertical_15_1d5_21,oobb_part_tray_vertical_15_1d5_21,Oobb Part Tray Vertical 15 1D5 21
https://github.com/oomlout/oomlout_oomp_current_version_messy/tree/main/parts/oobb_part_tray_vertical_15_1d5_21,,Oobb Part Tray Vertical 15 1D5 21
https://github.com/oomlout/oomlout_oomp_current_version_messy/tree/main/parts/oobb_part_tray_vertical_15_1d5_21,85af4b,Oobb Part Tray Vertical 15 1D5 21
https://github.com/oomlout/oomlout_oomp_current_version_messy/tree/main/parts/oobb_part_tray_vertical_15_1d5_21,57s5n,Oobb Part Tray Vertical 15 1D5 21
https://github.com/oomlout/oomlout_oomp_current_version_messy/tree/main/parts/oobb_part_tray_vertical_15_1d5_24,oobb_part_tray_vertical_15_1d5_24,Oobb Part Tray Vertical 15 1D5 24
https://github.com/oomlout/oomlout_oomp_current_version_messy/tree/main/parts/oobb_part_tray_vertical_15_1d5_24,,Oobb Part Tray Vertical 15 1D5 24
https://github.com/oomlout/oomlout_oomp_current_version_messy/tree/main/parts/oobb_part_tray_vertical_15_1d5_24,2f4691,Oobb Part Tray Vertical 15 1D5 24
https://github.com/oomlout/oomlout_oomp_current_version_messy/tree/main/parts/oobb_part_tray_vertical_15_1d5_24,1uemp,Oobb Part Tray Vertical 15 1D5 24
https://github.com/oomlout/oomlout_oomp_current_version_messy/tree/main/parts/oobb_part_tray_vertical_15_1d5_27,oobb_part_tray_vertical_15_1d5_27,Oobb Part Tray Vertical 15 1D5 27
https://github.com/oomlout/oomlout_oomp_current_version_messy/tree/main/parts/oobb_part_tray_vertical_15_1d5_27,,Oobb Part Tray Vertical 15 1D5 27
https://github.com/oomlout/oomlout_oomp_current_version_messy/tree/main/parts/oobb_part_tray_vertical_15_1d5_27,1c6739,Oobb Part Tray Vertical 15 1D5 27
https://github.com/oomlout/oomlout_oomp_current_version_messy/tree/main/parts/oobb_part_tray_vertical_15_1d5_27,13wah,Oobb Part Tray Vertical 15 1D5 27
https://github.com/oomlout/oomlout_oomp_current_version_messy/tree/main/parts/oobb_part_tray_vertical_15_1d5_30,oobb_part_tray_vertical_15_1d5_30,Oobb Part Tray Vertical 15 1D5 30
https://github.com/oomlout/oomlout_oomp_current_version_messy/tree/main/parts/oobb_part_tray_vertical_15_1d5_30,,Oobb Part Tray Vertical 15 1D5 30
https://github.com/oomlout/oomlout_oomp_current_version_messy/tree/main/parts/oobb_part_tray_vertical_15_1d5_30,651301,Oobb Part Tray Vertical 15 1D5 30
https://github.com/oomlout/oomlout_oomp_current_version_messy/tree/main/parts/oobb_part_tray_vertical_15_1d5_30,3xz41,Oobb Part Tray Vertical 15 1D5 30
https://github.com/oomlout/oomlout_oomp_current_version_messy/tree/main/parts/oobb_part_tray_vertical_15_1d5_60,oobb_part_tray_vertical_15_1d5_60,Oobb Part Tray Vertical 15 1D5 60
https://github.com/oomlout/oomlout_oomp_current_version_messy/tree/main/parts/oobb_part_tray_vertical_15_1d5_60,,Oobb Part Tray Vertical 15 1D5 60
https://github.com/oomlout/oomlout_oomp_current_version_messy/tree/main/parts/oobb_part_tray_vertical_15_1d5_60,ad1f9d,Oobb Part Tray Vertical 15 1D5 60
https://github.com/oomlout/oomlout_oomp_current_version_messy/tree/main/parts/oobb_part_tray_vertical_15_1d5_60,6r6hp,Oobb Part Tray Vertical 15 1D5 60
https://github.com/oomlout/oomlout_oomp_current_version_messy/tree/main/parts/oobb_part_tray_vertical_15_1d5_90,oobb_part_tray_vertical_15_1d5_90,Oobb Part Tray Vertical 15 1D5 90
https://github.com/oomlout/oomlout_oomp_current_version_messy/tree/main/parts/oobb_part_tray_vertical_15_1d5_90,,Oobb Part Tray Vertical 15 1D5 90
https://github.com/oomlout/oomlout_oomp_current_version_messy/tree/main/parts/oobb_part_tray_vertical_15_1d5_90,db76b9,Oobb Part Tray Vertical 15 1D5 90
https://github.com/oomlout/oomlout_oomp_current_version_messy/tree/main/parts/oobb_part_tray_vertical_15_1d5_90,8k9tl,Oobb Part Tray Vertical 15 1D5 90
https://github.com/oomlout/oomlout_oomp_current_version_messy/tree/main/parts/oobb_part_tray_vertical_1d5_03_09,oobb_part_tray_vertical_1d5_03_09,Oobb Part Tray Vertical 1D5 03 09
https://github.com/oomlout/oomlout_oomp_current_version_messy/tree/main/parts/oobb_part_tray_vertical_1d5_03_09,,Oobb Part Tray Vertical 1D5 03 09
https://github.com/oomlout/oomlout_oomp_current_version_messy/tree/main/parts/oobb_part_tray_vertical_1d5_03_09,39b755,Oobb Part Tray Vertical 1D5 03 09
https://github.com/oomlout/oomlout_oomp_current_version_messy/tree/main/parts/oobb_part_tray_vertical_1d5_03_09,292l1,Oobb Part Tray Vertical 1D5 03 09
https://github.com/oomlout/oomlout_oomp_current_version_messy/tree/main/parts/oobb_part_tray_vertical_1d5_03_12,oobb_part_tray_vertical_1d5_03_12,Oobb Part Tray Vertical 1D5 03 12
https://github.com/oomlout/oomlout_oomp_current_version_messy/tree/main/parts/oobb_part_tray_vertical_1d5_03_12,,Oobb Part Tray Vertical 1D5 03 12
https://github.com/oomlout/oomlout_oomp_current_version_messy/tree/main/parts/oobb_part_tray_vertical_1d5_03_12,ee7c9d,Oobb Part Tray Vertical 1D5 03 12
https://github.com/oomlout/oomlout_oomp_current_version_messy/tree/main/parts/oobb_part_tray_vertical_1d5_03_12,9azrx,Oobb Part Tray Vertical 1D5 03 12
https://github.com/oomlout/oomlout_oomp_current_version_messy/tree/main/parts/oobb_part_tray_vertical_1d5_03_15,oobb_part_tray_vertical_1d5_03_15,Oobb Part Tray Vertical 1D5 03 15
https://github.com/oomlout/oomlout_oomp_current_version_messy/tree/main/parts/oobb_part_tray_vertical_1d5_03_15,,Oobb Part Tray Vertical 1D5 03 15
https://github.com/oomlout/oomlout_oomp_current_version_messy/tree/main/parts/oobb_part_tray_vertical_1d5_03_15,64b79d,Oobb Part Tray Vertical 1D5 03 15
