https://github.com/oomlout/oomlout_oomp_current_version_messy/tree/main/parts/oobb_part_tray_vertical_06_03_30,4hb7u,Oobb Part Tray Vertical 06 03 30
https://github.com/oomlout/oomlout_oomp_current_version_messy/tree/main/parts/oobb_part_tray_vertical_06_03_60,oobb_part_tray_vertical_06_03_60,Oobb Part Tray Vertical 06 03 60
https://github.com/oomlout/oomlout_oomp_current_version_messy/tree/main/parts/oobb_part_tray_vertical_06_03_60,,Oobb Part Tray Vertical 06 03 60
https://github.com/oomlout/oomlout_oomp_current_version_messy/tree/main/parts/oobb_part_tray_vertical_06_03_60,917b97,Oobb Part Tray Vertical 06 03 60
https://github.com/oomlout/oomlout_oomp_current_version_messy/tree/main/parts/oobb_part_tray_vertical_06_03_60,5ocrb,Oobb Part Tray Vertical 06 03 60
https://github.com/oomlout/oomlout_oomp_current_version_messy/tree/main/parts/oobb_part_tray_vertical_06_03_90,oobb_part_tray_vertical_06_03_90,Oobb Part Tray Vertical 06 03 90
https://github.com/oomlout/oomlout_oomp_current_version_messy/tree/main/parts/oobb_part_tray_vertical_06_03_90,,Oobb Part Tray Vertical 06 03 90
https://github.com/oomlout/oomlout_oomp_current_version_messy/tree/main/parts/oobb_part_tray_vertical_06_03_90,6a5f6a,Oobb Part Tray Vertical 06 03 90
https://github.com/oomlout/oomlout_oomp_current_version_messy/tree/main/parts/oobb_part_tray_vertical_06_03_90,45f1m,Oobb Part Tray Vertical 06 03 90
https://github.com/oomlout/oomlout_oomp_current_version_messy/tree/main/parts/oobb_part_tray_vertical_06_04_09,oobb_part_tray_vertical_06_04_09,Oobb Part Tray Vertical 06 04 09
https://github.com/oomlout/oomlout_oomp_current_version_messy/tree/main/parts/oobb_part_tray_vertical_06_04_09,,Oobb Part Tray Vertical 06 04 09
https://github.com/oomlout/oomlout_oomp_current_version_messy/tree/main/parts/oobb_part_tray_vertical_06_04_09,5f72df,Oobb Part Tray Vertical 06 04 09
https://github.com/oomlout/oomlout_oomp_current_version_messy/tree/main/parts/oobb_part_tray_vertical_06_04_09,3q2n3,Oobb Part Tray Vertical 06 04 09
https://github.com/oomlout/oomlout_oomp_current_version_messy/tree/main/parts/oobb_part_tray_vertical_06_04_12,oobb_part_tray_vertical_06_04_12,Oobb Part Tray Vertical 06 04 12
https://github.com/oomlout/oomlout_oomp_current_version_messy/tree/main/parts/oobb_part_tray_vertical_06_04_12,,Oobb Part Tray Vertical 06 04 12
https://github.com/oomlout/oomlout_oomp_current_version_messy/tree/main/parts/oobb_part_tray_vertical_06_04_12,7d7782,Oobb Part Tray Vertical 06 04 12
https://github.com/oomlout/oomlout_oomp_current_version_messy/tree/main/parts/oobb_part_tray_vertical_06_04_12,4w8le,Oobb Part Tray Vertical 06 04 12
https://github.com/oomlout/oomlout_oomp_current_version_messy/tree/main/parts/oobb_part_tray_vertical_06_04_15,oobb_part_tray_vertical_06_04_15,Oobb Part Tray Vertical 06 04 15
https://github.com/oomlout/oomlout_oomp_current_version_messy/tree/main/parts/oobb_part_tray_vertical_06_04_15,,Oobb Part Tray Vertical 06 04 15
https://github.com/oomlout/oomlout_oomp_current_version_messy/tree/main/parts/oobb_part_tray_vertical_06_04_15,c5cdb5,Oobb Part Tray Vertical 06 04 15
https://github.com/oomlout/oomlout_oomp_current_version_messy/tree/main/parts/oobb_part_tray_vertical_06_04_15,7puid,Oobb Part Tray Vertical 06 04 15
https://github.com/oomlout/oomlout_oomp_current_version_messy/tree/main/parts/oobb_part_tray_vertical_06_04_18,oobb_part_tray_vertical_06_04_18,Oobb Part Tray Vertical 06 04 18
https://github.com/oomlout/oomlout_oomp_current_version_messy/tree/main/parts/oobb_part_tray_vertical_06_04_18,,Oobb Part Tray Vertical 06 04 18
https://github.com/oomlout/oomlout_oomp_current_version_messy/tree/main/parts/oobb_part_tray_vertical_06_04_18,d20dc3,Oobb Part Tray Vertical 06 04 18
https://github.com/oomlout/oomlout_oomp_current_version_messy/tree/main/parts/oobb_part_tray_vertical_06_04_18,871z7,Oobb Part Tray Vertical 06 04 18
https://github.com/oomlout/oomlout_oomp_current_version_messy/tree/main/parts/oobb_part_tray_vertical_06_04_21,oobb_part_tray_vertical_06_04_21,Oobb Part Tray Vertical 06 04 21
https://github.com/oomlout/oomlout_oomp_current_version_messy/tree/main/parts/oobb_part_tray_vertical_06_04_21,,Oobb Part Tray Vertical 06 04 21
https://github.com/oomlout/oomlout_oomp_current_version_messy/tree/main/parts/oobb_part_tray_vertical_06_04_21,fcce98,Oobb Part Tray Vertical 06 04 21
https://github.com/oomlout/oomlout_oomp_current_version_messy/tree/main/parts/oobb_part_tray_vertical_06_04_21,9v3x4,Oobb Part Tray Vertical 06 04 21
https://github.com/oomlout/oomlout_oomp_current_version_messy/tree/main/parts/oobb_part_tray_vertical_06_04_24,oobb_part_tray_vertical_06_04_24,Oobb Part Tray Vertical 06 04 24
https://github.com/oomlout/oomlout_oomp_current_version_messy/tree/main/parts/oobb_part_tray_vertical_06_04_24,,Oobb Part Tray Vertical 06 04 24
https://github.com/oomlout/oomlout_oomp_current_version_messy/tree/main/parts/oobb_part_tray_vertical_06_04_24,b4d592,Oobb Part Tray Vertical 06 04 24
https://github.com/oomlout/oomlout_oomp_current_version_messy/tree/main/parts/oobb_part_tray_vertical_06_04_24,720eq,Oobb Part Tray Vertical 06 04 24
https://github.com/oomlout/oomlout_oomp_current_version_messy/tree/main/parts/oobb_part_tray_vertical_06_04_27,oobb_part_tray_vertical_06_04_27,Oobb Part Tray Vertical 06 04 27
https://github.com/oomlout/oomlout_oomp_current_version_messy/tree/main/parts/oobb_part_tray_vertical_06_04_27,,Oobb Part Tray Vertical 06 04 27
https://github.com/oomlout/oomlout_oomp_current_version_messy/tree/main/parts/oobb_part_tray_vertical_06_04_27,aa1f8c,Oobb Part Tray Vertical 06 04 27
https://github.com/oomlout/oomlout_oomp_current_version_messy/tree/main/parts/oobb_part_tray_vertical_06_04_27,6myrw,Oobb Part Tray Vertical 06 04 27
https://github.com/oomlout/oomlout_oomp_current_version_messy/tree/main/parts/oobb_part_tray_vertical_06_04_30,oobb_part_tray_vertical_06_04_30,Oobb Part Tray Vertical 06 04 30
https://github.com/oomlout/oomlout_oomp_current_version_messy/tree/main/parts/oobb_part_tray_vertical_06_04_30,,Oobb Part Tray Vertical 06 04 30
https://github.com/oomlout/oomlout_oomp_current_version_messy/tree/main/parts/oobb_part_tray_vertical_06_04_30,4ac042,Oobb Part Tray Vertical 06 04 30
https://github.com/oomlout/oomlout_oomp_current_version_messy/tree/main/parts/oobb_part_tray_vertical_06_04_30,2x002,Oobb Part Tray Vertical 06 04 30
https://github.com/oomlout/oomlout_oomp_current_version_messy/tree/main/parts/oobb_part_tray_vertical_06_04_60,oobb_part_tray_vertical_06_04_60,Oobb Part Tray Vertical 06 04 60
https://github.com/oomlout/oomlout_oomp_current_version_messy/tree/main/parts/oobb_part_tray_vertical_06_04_60,,Oobb Part Tray Vertical 06 04 60
https://github.com/oomlout/oomlout_oomp_current_version_messy/tree/main/parts/oobb_part_tray_vertical_06_04_60,d1f5cb,Oobb Part Tray Vertical 06 04 60
https://github.com/oomlout/oomlout_oomp_current_version_messy/tree/main/parts/oobb_part_tray_vertical_06_04_60,86x8r,Oobb Part Tray Vertical 06 04 60
https://github.com/oomlout/oomlout_oomp_current_version_messy/tree/main/parts/oobb_part_tray_vertical_06_04_90,oobb_part_tray_vertical_06_04_90,Oobb Part Tray Vertical 06 04 90
https://github.com/oomlout/oomlout_oomp_current_version_messy/tree/main/parts/oobb_part_tray_vertical_06_04_90,,Oobb Part Tray Vertical 06 04 90
https://github.com/oomlout/oomlout_oomp_current_version_messy/tree/main/parts/oobb_part_tray_vertical_06_04_90,2a11f4,Oobb Part Tray Vertical 06 04 90
https://github.com/oomlout/oomlout_oomp_current_version_messy/tree/main/parts/oobb_part_tray_vertical_06_04_90,1n3ec,Oobb Part Tray Vertical 06 04 90
https://github.com/oomlout/oomlout_oomp_current_version_messy/tree/main/parts/oobb_part_tray_vertical_06_05_09,oobb_part_tray_vertical_06_05_09,Oobb Part Tray Vertical 06 05 09
https://github.com/oomlout/oomlout_oomp_current_version_messy/tree/main/parts/oobb_part_tray_vertical_06_05_09,,Oobb Part Tray Vertical 06 05 09
https://github.com/oomlout/oomlout_oomp_current_version_messy/tree/main/parts/oobb_part_tray_vertical_06_05_09,8e411b,Oobb Part Tray Vertical 06 05 09
https://github.com/oomlout/oomlout_oomp_current_version_messy/tree/main/parts/oobb_part_tray_vertical_06_05_09,5jti3,Oobb Part Tray Vertical 06 05 09
https://github.com/oomlout/oomlout_oomp_current_version_messy/tree/main/parts/oobb_part_tray_vertical_06_05_12,oobb_part_tray_vertical_06_05_12,Oobb Part Tray Vertical 06 05 12
https://github.com/oomlout/oomlout_oomp_current_version_messy/tree/main/parts/oobb_part_tray_vertical_06_05_12,,Oobb Part Tray Vertical 06 05 12
https://github.com/oomlout/oomlout_oomp_current_version_messy/tree/main/parts/oobb_part_tray_vertical_06_05_12,1af5f4,Oobb Part Tray Vertical 06 05 12
https://github.com/oomlout/oomlout_oomp_current_version_messy/tree/main/parts/oobb_part_tray_vertical_06_05_12,11vck,Oobb Part Tray Vertical 06 05 12
https://github.com/oomlout/oomlout_oomp_current_version_messy/tree/main/parts/oobb_part_tray_vertical_06_05_15,oobb_part_tray_vertical_06_05_15,Oobb Part Tray Vertical 06 05 15
https://github.com/oomlout/oomlout_oomp_current_version_messy/tree/main/parts/oobb_part_tray_vertical_06_05_15,,Oobb Part Tray Vertical 06 05 15
https://github.com/oomlout/oomlout_oomp_current_version_messy/tree/main/parts/oobb_part_tray_vertical_06_05_15,63922b,Oobb Part Tray Vertical 06 05 15
https://github.com/oomlout/oomlout_oomp_current_version_messy/tree/main/parts/oobb_part_tray_vertical_06_05_15,3vv3f,Oobb Part Tray Vertical 06 05 15
https://github.com/oomlout/oomlout_oomp_current_version_messy/tree/main/parts/oobb_part_tray_vertical_06_05_18,oobb_part_tray_vertical_06_05_18,Oobb Part Tray Vertical 06 05 18
https://github.com/oomlout/oomlout_oomp_current_version_messy/tree/main/parts/oobb_part_tray_vertical_06_05_18,,Oobb Part Tray Vertical 06 05 18
https://github.com/oomlout/oomlout_oomp_current_version_messy/tree/main/parts/oobb_part_tray_vertical_06_05_18,31938f,Oobb Part Tray Vertical 06 05 18
https://github.com/oomlout/oomlout_oomp_current_version_messy/tree/main/parts/oobb_part_tray_vertical_06_05_18,1xmz3,Oobb Part Tray Vertical 06 05 18
https://github.com/oomlout/oomlout_oomp_current_version_messy/tree/main/parts/oobb_part_tray_vertical_06_05_21,oobb_part_tray_vertical_06_05_21,Oobb Part Tray Vertical 06 05 21
https://github.com/oomlout/oomlout_oomp_current_version_messy/tree/main/parts/oobb_part_tray_vertical_06_05_21,,Oobb Part Tray Vertical 06 05 21
https://github.com/oomlout/oomlout_oomp_current_version_messy/tree/main/parts/oobb_part_tray_vertical_06_05_21,1d5436,Oobb Part Tray Vertical 06 05 21
https://github.com/oomlout/oomlout_oomp_current_version_messy/tree/main/parts/oobb_part_tray_vertical_06_05_21,1573q,Oobb Part Tray Vertical 06 05 21
https://github.com/oomlout/oomlout_oomp_current_version_messy/tree/main/parts/oobb_part_tray_vertical_06_05_24,oobb_part_tray_vertical_06_05_24,Oobb Part Tray Vertical 06 05 24
https://github.com/oomlout/oomlout_oomp_current_version_messy/tree/main/parts/oobb_part_tray_vertical_06_05_24,,Oobb Part Tray Vertical 06 05 24
https://github.com/oomlout/oomlout_oomp_current_version_messy/tree/main/parts/oobb_part_tray_vertical_06_05_24,a34f15,Oobb Part Tray Vertical 06 05 24
https://github.com/oomlout/oomlout_oomp_current_version_messy/tree/main/parts/oobb_part_tray_vertical_06_05_24,6de6t,Oobb Part Tray Vertical 06 05 24
https://github.com/oomlout/oomlout_oomp_current_version_messy/tree/main/parts/oobb_part_tray_vertical_06_05_27,oobb_part_tray_vertical_06_05_27,Oobb Part Tray Vertical 06 05 27
https://github.com/oomlout/oomlout_oomp_current_version_messy/tree/main/parts/oobb_part_tray_vertical_06_05_27,,Oobb Part Tray Vertical 06 05 27
https://github.com/oomlout/oomlout_oomp_current_version_messy/tree/main/parts/oobb_part_tray_vertical_06_05_27,dfeacd,Oobb Part Tray Vertical 06 05 27
https://github.com/oomlout/oomlout_oomp_current_version_messy/tree/main/parts/oobb_part_tray_vertical_06_05_27,8qj0t,Oobb Part Tray Vertical 06 05 27
https://github.com/oomlout/oomlout_oomp_current_version_messy/tree/main/parts/oobb_part_tray_vertical_06_05_30,oobb_part_tray_vertical_06_05_30,Oobb Part Tray Vertical 06 05 30
https://github.com/oomlout/oomlout_oomp_current_version_messy/tree/main/parts/oobb_part_tray_vertical_06_05_30,,Oobb Part Tray Vertical 06 05 30
https://github.com/oomlout/oomlout_oomp_current_version_messy/tree/main/parts/oobb_part_tray_vertical_06_05_30,2dc9f6,Oobb Part Tray Vertical 06 05 30
https://github.com/oomlout/oomlout_oomp_current_version_messy/tree/main/parts/oobb_part_tray_vertical_06_05_30,1sbg6,Oobb Part Tray Vertical 06 05 30
https://github.com/oomlout/oomlout_oomp_current_version_messy/tree/main/parts/oobb_part_tray_vertical_06_05_60,oobb_part_tray_vertical_06_05_60,Oobb Part Tray Vertical 06 05 60
https://github.com/oomlout/oomlout_oomp_current_version_messy/tree/main/parts/oobb_part_tray_vertical_06_05_60,,Oobb Part Tray Vertical 06 05 60
https://github.com/oomlout/oomlout_oomp_current_version_messy/tree/main/parts/oobb_part_tray_vertical_06_05_60,cb721a,Oobb Part Tray Vertical 06 05 60
https://github.com/oomlout/oomlout_oomp_current_version_messy/tree/main/parts/oobb_part_tray_vertical_06_05_60,7xrtm,Oobb Part Tray Vertical 06 05 60
https://github.com/oomlout/oomlout_oomp_current_version_messy/tree/main/parts/oobb_part_tray_vertical_06_05_90,oobb_part_tray_vertical_06_05_90,Oobb Part Tray Vertical 06 05 90
https://github.com/oomlout/oomlout_oomp_current_version_messy/tree/main/parts/oobb_part_tray_vertical_06_05_90,,Oobb Part Tray Vertical 06 05 90
https://github.com/oomlout/oomlout_oomp_current_version_messy/tree/main/parts/oobb_part_tray_vertical_06_05_90,2a0672,Oobb Part Tray Vertical 06 05 90
https://github.com/oomlout/oomlout_oomp_current_version_messy/tree/main/parts/oobb_part_tray_vertical_06_05_90,1n14i,Oobb Part Tray Vertical 06 05 90
https://github.com/oomlout/oomlout_oomp_current_version_messy/tree/main/parts/oobb_part_tray_vertical_06_06_09,oobb_part_tray_vertical_06_06_09,Oobb Part Tray Vertical 06 06 09
https://github.com/oomlout/oomlout_oomp_current_version_messy/tree/main/parts/oobb_part_tray_vertical_06_06_09,,Oobb Part Tray Vertical 06 06 09
https://github.com/oomlout/oomlout_oomp_current_version_messy/tree/main/parts/oobb_part_tray_vertical_06_06_09,f29710,Oobb Part Tray Vertical 06 06 09
https://github.com/oomlout/oomlout_oomp_current_version_messy/tree/main/parts/oobb_part_tray_vertical_06_06_09,9gr9s,Oobb Part Tray Vertical 06 06 09
https://github.com/oomlout/oomlout_oomp_current_version_messy/tree/main/parts/oobb_part_tray_vertical_06_06_12,oobb_part_tray_vertical_06_06_12,Oobb Part Tray Vertical 06 06 12
https://github.com/oomlout/oomlout_oomp_current_version_messy/tree/main/parts/oobb_part_tray_vertical_06_06_12,,Oobb Part Tray Vertical 06 06 12
https://github.com/oomlout/oomlout_oomp_current_version_messy/tree/main/parts/oobb_part_tray_vertical_06_06_12,ff2712,Oobb Part Tray Vertical 06 06 12
https://github.com/oomlout/oomlout_oomp_current_version_messy/tree/main/parts/oobb_part_tray_vertical_06_06_12,9yej6,Oobb Part Tray Vertical 06 06 12
https://github.com/oomlout/oomlout_oomp_current_version_messy/tree/main/parts/oobb_part_tray_vertical_06_06_15,oobb_part_tray_vertical_06_06_15,Oobb Part Tray Vertical 06 06 15
https://github.com/oomlout/oomlout_oomp_current_version_messy/tree/main/parts/oobb_part_tray_vertical_06_06_15,,Oobb Part Tray Vertical 06 06 15
https://github.com/oomlout/oomlout_oomp_current_version_messy/tree/main/parts/oobb_part_tray_vertical_06_06_15,51ecc7,Oobb Part Tray Vertical 06 06 15
https://github.com/oomlout/oomlout_oomp_current_version_messy/tree/main/parts/oobb_part_tray_vertical_06_06_15,372rr,Oobb Part Tray Vertical 06 06 15
https://github.com/oomlout/oomlout_oomp_current_version_messy/tree/main/parts/oobb_part_tray_vertical_06_06_18,oobb_part_tray_vertical_06_06_18,Oobb Part Tray Vertical 06 06 18
https://github.com/oomlout/oomlout_oomp_current_version_messy/tree/main/parts/oobb_part_tray_vertical_06_06_18,,Oobb Part Tray Vertical 06 06 18
https://github.com/oomlout/oomlout_oomp_current_version_messy/tree/main/parts/oobb_part_tray_vertical_06_06_18,157919,Oobb Part Tray Vertical 06 06 18
https://github.com/oomlout/oomlout_oomp_current_version_messy/tree/main/parts/oobb_part_tray_vertical_06_06_18,u5uh,Oobb Part Tray Vertical 06 06 18
https://github.com/oomlout/oomlout_oomp_current_version_messy/tree/main/parts/oobb_part_tray_vertical_06_06_21,oobb_part_tray_vertical_06_06_21,Oobb Part Tray Vertical 06 06 21
https://github.com/oomlout/oomlout_oomp_current_version_messy/tree/main/parts/oobb_part_tray_vertical_06_06_21,,Oobb Part Tray Vertical 06 06 21
https://github.com/oomlout/oomlout_oomp_current_version_messy/tree/main/parts/oobb_part_tray_vertical_06_06_21,e6a477,Oobb Part Tray Vertical 06 06 21
https://github.com/oomlout/oomlout_oomp_current_version_messy/tree/main/parts/oobb_part_tray_vertical_06_06_21,8zz3r,Oobb Part Tray Vertical 06 06 21
https://github.com/oomlout/oomlout_oomp_current_version_messy/tree/main/parts/oobb_part_tray_vertical_06_06_24,oobb_part_tray_vertical_06_06_24,Oobb Part Tray Vertical 06 06 24
https://github.com/oomlout/oomlout_oomp_current_version_messy/tree/main/parts/oobb_part_tray_vertical_06_06_24,,Oobb Part Tray Vertical 06 06 24
https://github.com/oomlout/oomlout_oomp_current_version_messy/tree/main/parts/oobb_part_tray_vertical_06_06_24,1aa2d1,Oobb Part Tray Vertical 06 06 24
https://github.com/oomlout/oomlout_oomp_current_version_messy/tree/main/parts/oobb_part_tray_vertical_06_06_24,11exd,Oobb Part Tray Vertical 06 06 24
https://github.com/oomlout/oomlout_oomp_current_version_messy/tree/main/parts/oobb_part_tray_vertical_06_06_27,oobb_part_tray_vertical_06_06_27,Oobb Part Tray Vertical 06 06 27
https://github.com/oomlout/oomlout_oomp_current_version_messy/tree/main/parts/oobb_part_tray_vertical_06_06_27,,Oobb Part Tray Vertical 06 06 27
https://github.com/oomlout/oomlout_oomp_current_version_messy/tree/main/parts/oobb_part_tray_vertical_06_06_27,053b97,Oobb Part Tray Vertical 06 06 27
https://github.com/oomlout/oomlout_oomp_current_version_messy/tree/main/parts/oobb_part_tray_vertical_06_06_27,7clz,Oobb Part Tray Vertical 06 06 27
https://github.com/oomlout/oomlout_oomp_current_version_messy/tree/main/parts/oobb_part_tray_vertical_06_06_30,oobb_part_tray_vertical_06_06_30,Oobb Part Tray Vertical 06 06 30
https://github.com/oomlout/oomlout_oomp_current_version_messy/tree/main/parts/oobb_part_tray_vertical_06_06_30,,Oobb Part Tray Vertical 06 06 30
https://github.com/oomlout/oomlout_oomp_current_version_messy/tree/main/parts/oobb_part_tray_vertical_06_06_30,3cbdd7,Oobb Part Tray Vertical 06 06 30
https://github.com/oomlout/oomlout_oomp_current_version_messy/tree/main/parts/oobb_part_tray_vertical_06_06_30,2dbkn,Oobb Part Tray Vertical 06 06 30
https://github.com/oomlout/oomlout_oomp_current_version_messy/tree/main/parts/oobb_part_tray_vertical_06_06_60,oobb_part_tray_vertical_06_06_60,Oobb Part Tray Vertical 06 06 60
https://github.com/oomlout/oomlout_oomp_current_version_messy/tree/main/parts/oobb_part_tray_vertical_06_06_60,,Oobb Part Tray Vertical 06 06 60
https://github.com/oomlout/oomlout_oomp_current_version_messy/tree/main/parts/oobb_part_tray_vertical_06_06_60,bc04ff,Oobb Part Tray Vertical 06 06 60
https://github.com/oomlout/oomlout_oomp_current_version_messy/tree/main/parts/oobb_part_tray_vertical_06_06_60,7c3r3,Oobb Part Tray Vertical 06 06 60
https://github.com/oomlout/oomlout_oomp_current_version_messy/tree/main/parts/oobb_part_tray_vertical_06_06_90,oobb_part_tray_vertical_06_06_90,Oobb Part Tray Vertical 06 06 90
https://github.com/oomlout/oomlout_oomp_current_version_messy/tree/main/parts/oobb_part_tray_vertical_06_06_90,,Oobb Part Tray Vertical 06 06 90
https://github.com/oomlout/oomlout_oomp_current_version_messy/tree/main/parts/oobb_part_tray_vertical_06_06_90,da9ae5,Oobb Part Tray Vertical 06 06 90
https://github.com/oomlout/oomlout_oomp_current_version_messy/tree/main/parts/oobb_part_tray_vertical_06_06_90,8j2ed,Oobb Part Tray Vertical 06 06 90
https://github.com/oomlout/oomlout_oomp_current_version_messy/tree/main/parts/oobb_part_tray_vertical_06_1d5_09,oobb_part_tray_vertical_06_1d5_09,Oobb Part Tray Vertical 06 1D5 09
https://github.com/oomlout/oomlout_oomp_current_version_messy/tree/main/parts/oobb_part_tray_vertical_06_1d5_09,,Oobb Part Tray Vertical 06 1D5 09
https://github.com/oomlout/oomlout_oomp_current_version_messy/tree/main/parts/oobb_part_tray_vertical_06_1d5_09,7eef81,Oobb Part Tray Vertical 06 1D5 09
https://github.com/oomlout/oomlout_oomp_current_version_messy/tree/main/parts/oobb_part_tray_vertical_06_1d5_09,4yav5,Oobb Part Tray Vertical 06 1D5 09
https://github.com/oomlout/oomlout_oomp_current_version_messy/tree/main/parts/oobb_part_tray_vertical_06_1d5_12,oobb_part_tray_vertical_06_1d5_12,Oobb Part Tray Vertical 06 1D5 12
https://github.com/oomlout/oomlout_oomp_current_version_messy/tree/main/parts/oobb_part_tray_vertical_06_1d5_12,,Oobb Part Tray Vertical 06 1D5 12
https://github.com/oomlout/oomlout_oomp_current_version_messy/tree/main/parts/oobb_part_tray_vertical_06_1d5_12,215ed5,Oobb Part Tray Vertical 06 1D5 12
https://github.com/oomlout/oomlout_oomp_current_version_messy/tree/main/parts/oobb_part_tray_vertical_06_1d5_12,1avh1,Oobb Part Tray Vertical 06 1D5 12
https://github.com/oomlout/oomlout_oomp_current_version_messy/tree/main/parts/oobb_part_tray_vertical_06_1d5_15,oobb_part_tray_vertical_06_1d5_15,Oobb Part Tray Vertical 06 1D5 15
https://github.com/oomlout/oomlout_oomp_current_version_messy/tree/main/parts/oobb_part_tray_vertical_06_1d5_15,,Oobb Part Tray Vertical 06 1D5 15
https://github.com/oomlout/oomlout_oomp_current_version_messy/tree/main/parts/oobb_part_tray_vertical_06_1d5_15,5df75a,Oobb Part Tray Vertical 06 1D5 15
https://github.com/oomlout/oomlout_oomp_current_version_messy/tree/main/parts/oobb_part_tray_vertical_06_1d5_15,3nzoa,Oobb Part Tray Vertical 06 1D5 15
https://github.com/oomlout/oomlout_oomp_current_version_messy/tree/main/parts/oobb_part_tray_vertical_06_1d5_18,oobb_part_tray_vertical_06_1d5_18,Oobb Part Tray Vertical 06 1D5 18
https://github.com/oomlout/oomlout_oomp_current_version_messy/tree/main/parts/oobb_part_tray_vertical_06_1d5_18,,Oobb Part Tray Vertical 06 1D5 18
https://github.com/oomlout/oomlout_oomp_current_version_messy/tree/main/parts/oobb_part_tray_vertical_06_1d5_18,755a00,Oobb Part Tray Vertical 06 1D5 18
https://github.com/oomlout/oomlout_oomp_current_version_messy/tree/main/parts/oobb_part_tray_vertical_06_1d5_18,4ku80,Oobb Part Tray Vertical 06 1D5 18
https://github.com/oomlout/oomlout_oomp_current_version_messy/tree/main/parts/oobb_part_tray_vertical_06_1d5_21,oobb_part_tray_vertical_06_1d5_21,Oobb Part Tray Vertical 06 1D5 21
https://github.com/oomlout/oomlout_oomp_current_version_messy/tree/main/parts/oobb_part_tray_vertical_06_1d5_21,,Oobb Part Tray Vertical 06 1D5 21
https://github.com/oomlout/oomlout_oomp_current_version_messy/tree/main/parts/oobb_part_tray_vertical_06_1d5_21,dc8dfd,Oobb Part Tray Vertical 06 1D5 21
https://github.com/oomlout/oomlout_oomp_current_version_messy/tree/main/parts/oobb_part_tray_vertical_06_1d5_21,8lszh,Oobb Part Tray Vertical 06 1D5 21
https://github.com/oomlout/oomlout_oomp_current_version_messy/tree/main/parts/oobb_part_tray_vertical_06_1d5_24,oobb_part_tray_vertical_06_1d5_24,Oobb Part Tray Vertical 06 1D5 24
https://github.com/oomlout/oomlout_oomp_current_version_messy/tree/main/parts/oobb_part_tray_vertical_06_1d5_24,,Oobb Part Tray Vertical 06 1D5 24
https://github.com/oomlout/oomlout_oomp_current_version_messy/tree/main/parts/oobb_part_tray_vertical_06_1d5_24,6823ca,Oobb Part Tray Vertical 06 1D5 24
https://github.com/oomlout/oomlout_oomp_current_version_messy/tree/main/parts/oobb_part_tray_vertical_06_1d5_24,42a4q,Oobb Part Tray Vertical 06 1D5 24
https://github.com/oomlout/oomlout_oomp_current_version_messy/tree/main/parts/oobb_part_tray_vertical_06_1d5_27,oobb_part_tray_vertical_06_1d5_27,Oobb Part Tray Vertical 06 1D5 27
https://github.com/oomlout/oomlout_oomp_current_version_messy/tree/main/parts/oobb_part_tray_vertical_06_1d5_27,,Oobb Part Tray Vertical 06 1D5 27
https://github.com/oomlout/oomlout_oomp_current_version_messy/tree/main/parts/oobb_part_tray_vertical_06_1d5_27,6ffe5a,Oobb Part Tray Vertical 06 1D5 27
https://github.com/oomlout/oomlout_oomp_current_version_messy/tree/main/parts/oobb_part_tray_vertical_06_1d5_27,4dba2,Oobb Part Tray Vertical 06 1D5 27
https://github.com/oomlout/oomlout_oomp_current_version_messy/tree/main/parts/oobb_part_tray_vertical_06_1d5_30,oobb_part_tray_vertical_06_1d5_30,Oobb Part Tray Vertical 06 1D5 30
https://github.com/oomlout/oomlout_oomp_current_version_messy/tree/main/parts/oobb_part_tray_vertical_06_1d5_30,,Oobb Part Tray Vertical 06 1D5 30
https://github.com/oomlout/oomlout_oomp_current_version_messy/tree/main/parts/oobb_part_tray_vertical_06_1d5_30,f4f9db,Oobb Part Tray Vertical 06 1D5 30
https://github.com/oomlout/oomlout_oomp_current_version_messy/tree/main/parts/oobb_part_tray_vertical_06_1d5_30,9k3x7,Oobb Part Tray Vertical 06 1D5 30
https://github.com/oomlout/oomlout_oomp_current_version_messy/tree/main/parts/oobb_part_tray_vertical_06_1d5_60,oobb_part_tray_vertical_06_1d5_60,Oobb Part Tray Vertical 06 1D5 60
https://github.com/oomlout/oomlout_oomp_current_version_messy/tree/main/parts/oobb_part_tray_vertical_06_1d5_60,,Oobb Part Tray Vertical 06 1D5 60
https://github.com/oomlout/oomlout_oomp_current_version_messy/tree/main/parts/oobb_part_tray_vertical_06_1d5_60,4b4637,Oobb Part Tray Vertical 06 1D5 60
https://github.com/oomlout/oomlout_oomp_current_version_messy/tree/main/parts/oobb_part_tray_vertical_06_1d5_60,2xqgn,Oobb Part Tray Vertical 06 1D5 60
https://github.com/oomlout/oomlout_oomp_current_version_messy/tree/main/parts/oobb_part_tray_vertical_06_1d5_90,oobb_part_tray_vertical_06_1d5_90,Oobb Part Tray Vertical 06 1D5 90
https://github.com/oomlout/oomlout_oomp_current_version_messy/tree/main/parts/oobb_part_tray_vertical_06_1d5_90,,Oobb Part Tray Vertical 06 1D5 90
https://github.com/oomlout/oomlout_oomp_current_version_messy/tree/main/parts/oobb_part_tray_vertical_06_1d5_90,4bebe1,Oobb Part Tray Vertical 06 1D5 90
https://github.com/oomlout/oomlout_oomp_current_version_messy/tree/main/parts/oobb_part_tray_vertical_06_1d5_90,2yn6p,Oobb Part Tray Vertical 06 1D5 90
https://github.com/oomlout/oomlout_oomp_current_version_messy/tree/main/parts/oobb_part_tray_vertical_07_01_09,oobb_part_tray_vertical_07_01_09,Oobb Part Tray Vertical 07 01 09
https://github.com/oomlout/oomlout_oomp_current_version_messy/tree/main/parts/oobb_part_tray_vertical_07_01_09,,Oobb Part Tray Vertical 07 01 09
https://github.com/oomlout/oomlout_oomp_current_version_messy/tree/main/parts/oobb_part_tray_vertical_07_01_09,e5079d,Oobb Part Tray Vertical 07 01 09
https://github.com/oomlout/oomlout_oomp_current_version_messy/tree/main/parts/oobb_part_tray_vertical_07_01_09,8xpjx,Oobb Part Tray Vertical 07 01 09
https://github.com/oomlout/oomlout_oomp_current_version_messy/tree/main/parts/oobb_part_tray_vertical_07_01_12,oobb_part_tray_vertical_07_01_12,Oobb Part Tray Vertical 07 01 12
https://github.com/oomlout/oomlout_oomp_current_version_messy/tree/main/parts/oobb_part_tray_vertical_07_01_12,,Oobb Part Tray Vertical 07 01 12
https://github.com/oomlout/oomlout_oomp_current_version_messy/tree/main/parts/oobb_part_tray_vertical_07_01_12,4099a2,Oobb Part Tray Vertical 07 01 12
https://github.com/oomlout/oomlout_oomp_current_version_messy/tree/main/parts/oobb_part_tray_vertical_07_01_12,2iqoy,Oobb Part Tray Vertical 07 01 12
https://github.com/oomlout/oomlout_oomp_current_version_messy/tree/main/parts/oobb_part_tray_vertical_07_01_15,oobb_part_tray_vertical_07_01_15,Oobb Part Tray Vertical 07 01 15
https://github.com/oomlout/oomlout_oomp_current_version_messy/tree/main/parts/oobb_part_tray_vertical_07_01_15,,Oobb Part Tray Vertical 07 01 15
https://github.com/oomlout/oomlout_oomp_current_version_messy/tree/main/parts/oobb_part_tray_vertical_07_01_15,dcb9dc,Oobb Part Tray Vertical 07 01 15
https://github.com/oomlout/oomlout_oomp_current_version_messy/tree/main/parts/oobb_part_tray_vertical_07_01_15,8m1ng,Oobb Part Tray Vertical 07 01 15
https://github.com/oomlout/oomlout_oomp_current_version_messy/tree/main/parts/oobb_part_tray_vertical_07_01_18,oobb_part_tray_vertical_07_01_18,Oobb Part Tray Vertical 07 01 18
https://github.com/oomlout/oomlout_oomp_current_version_messy/tree/main/parts/oobb_part_tray_vertical_07_01_18,,Oobb Part Tray Vertical 07 01 18
https://github.com/oomlout/oomlout_oomp_current_version_messy/tree/main/parts/oobb_part_tray_vertical_07_01_18,7318b5,Oobb Part Tray Vertical 07 01 18
https://github.com/oomlout/oomlout_oomp_current_version_messy/tree/main/parts/oobb_part_tray_vertical_07_01_18,4ho6t,Oobb Part Tray Vertical 07 01 18
https://github.com/oomlout/oomlout_oomp_current_version_messy/tree/main/parts/oobb_part_tray_vertical_07_01_21,oobb_part_tray_vertical_07_01_21,Oobb Part Tray Vertical 07 01 21
https://github.com/oomlout/oomlout_oomp_current_version_messy/tree/main/parts/oobb_part_tray_vertical_07_01_21,,Oobb Part Tray Vertical 07 01 21
https://github.com/oomlout/oomlout_oomp_current_version_messy/tree/main/parts/oobb_part_tray_vertical_07_01_21,fffcad,Oobb Part Tray Vertical 07 01 21
https://github.com/oomlout/oomlout_oomp_current_version_messy/tree/main/parts/oobb_part_tray_vertical_07_01_21,9zkq5,Oobb Part Tray Vertical 07 01 21
https://github.com/oomlout/oomlout_oomp_current_version_messy/tree/main/parts/oobb_part_tray_vertical_07_01_24,oobb_part_tray_vertical_07_01_24,Oobb Part Tray Vertical 07 01 24
https://github.com/oomlout/oomlout_oomp_current_version_messy/tree/main/parts/oobb_part_tray_vertical_07_01_24,,Oobb Part Tray Vertical 07 01 24
https://github.com/oomlout/oomlout_oomp_current_version_messy/tree/main/parts/oobb_part_tray_vertical_07_01_24,325d85,Oobb Part Tray Vertical 07 01 24
https://github.com/oomlout/oomlout_oomp_current_version_messy/tree/main/parts/oobb_part_tray_vertical_07_01_24,1yqv9,Oobb Part Tray Vertical 07 01 24
https://github.com/oomlout/oomlout_oomp_current_version_messy/tree/main/parts/oobb_part_tray_vertical_07_01_27,oobb_part_tray_vertical_07_01_27,Oobb Part Tray Vertical 07 01 27
https://github.com/oomlout/oomlout_oomp_current_version_messy/tree/main/parts/oobb_part_tray_vertical_07_01_27,,Oobb Part Tray Vertical 07 01 27
https://github.com/oomlout/oomlout_oomp_current_version_messy/tree/main/parts/oobb_part_tray_vertical_07_01_27,3ec0db,Oobb Part Tray Vertical 07 01 27
https://github.com/oomlout/oomlout_oomp_current_version_messy/tree/main/parts/oobb_part_tray_vertical_07_01_27,2g5az,Oobb Part Tray Vertical 07 01 27
https://github.com/oomlout/oomlout_oomp_current_version_messy/tree/main/parts/oobb_part_tray_vertical_07_01_30,oobb_part_tray_vertical_07_01_30,Oobb Part Tray Vertical 07 01 30
https://github.com/oomlout/oomlout_oomp_current_version_messy/tree/main/parts/oobb_part_tray_vertical_07_01_30,,Oobb Part Tray Vertical 07 01 30
https://github.com/oomlout/oomlout_oomp_current_version_messy/tree/main/parts/oobb_part_tray_vertical_07_01_30,65ebe7,Oobb Part Tray Vertical 07 01 30
https://github.com/oomlout/oomlout_oomp_current_version_messy/tree/main/parts/oobb_part_tray_vertical_07_01_30,3z5yf,Oobb Part Tray Vertical 07 01 30
https://github.com/oomlout/oomlout_oomp_current_version_messy/tree/main/parts/oobb_part_tray_vertical_07_01_60,oobb_part_tray_vertical_07_01_60,Oobb Part Tray Vertical 07 01 60
https://github.com/oomlout/oomlout_oomp_current_version_messy/tree/main/parts/oobb_part_tray_vertical_07_01_60,,Oobb Part Tray Vertical 07 01 60
https://github.com/oomlout/oomlout_oomp_current_version_messy/tree/main/parts/oobb_part_tray_vertical_07_01_60,4ca86d,Oobb Part Tray Vertical 07 01 60
https://github.com/oomlout/oomlout_oomp_current_version_messy/tree/main/parts/oobb_part_tray_vertical_07_01_60,2zofh,Oobb Part Tray Vertical 07 01 60
https://github.com/oomlout/oomlout_oomp_current_version_messy/tree/main/parts/oobb_part_tray_vertical_07_01_90,oobb_part_tray_vertical_07_01_90,Oobb Part Tray Vertical 07 01 90
https://github.com/oomlout/oomlout_oomp_current_version_messy/tree/main/parts/oobb_part_tray_vertical_07_01_90,,Oobb Part Tray Vertical 07 01 90
https://github.com/oomlout/oomlout_oomp_current_version_messy/tree/main/parts/oobb_part_tray_vertical_07_01_90,327a4f,Oobb Part Tray Vertical 07 01 90
https://github.com/oomlout/oomlout_oomp_current_version_messy/tree/main/parts/oobb_part_tray_vertical_07_01_90,1ywjz,Oobb Part Tray Vertical 07 01 90
https://github.com/oomlout/oomlout_oomp_current_version_messy/tree/main/parts/oobb_part_tray_vertical_07_02_09,oobb_part_tray_vertical_07_02_09,Oobb Part Tray Vertical 07 02 09
https://github.com/oomlout/oomlout_oomp_current_version_messy/tree/main/parts/oobb_part_tray_vertical_07_02_09,,Oobb Part Tray Vertical 07 02 09
https://github.com/oomlout/oomlout_oomp_current_version_messy/tree/main/parts/oobb_part_tray_vertical_07_02_09,132bb9,Oobb Part Tray Vertical 07 02 09
https://github.com/oomlout/oomlout_oomp_current_version_messy/tree/main/parts/oobb_part_tray_vertical_07_02_09,qxfd,Oobb Part Tray Vertical 07 02 09
https://github.com/oomlout/oomlout_oomp_current_version_messy/tree/main/parts/oobb_part_tray_vertical_07_02_12,oobb_part_tray_vertical_07_02_12,Oobb Part Tray Vertical 07 02 12
https://github.com/oomlout/oomlout_oomp_current_version_messy/tree/main/parts/oobb_part_tray_vertical_07_02_12,,Oobb Part Tray Vertical 07 02 12
https://github.com/oomlout/oomlout_oomp_current_version_messy/tree/main/parts/oobb_part_tray_vertical_07_02_12,431c43,Oobb Part Tray Vertical 07 02 12
https://github.com/oomlout/oomlout_oomp_current_version_messy/tree/main/parts/oobb_part_tray_vertical_07_02_12,2m9mr,Oobb Part Tray Vertical 07 02 12
https://github.com/oomlout/oomlout_oomp_current_version_messy/tree/main/parts/oobb_part_tray_vertical_07_02_15,oobb_part_tray_vertical_07_02_15,Oobb Part Tray Vertical 07 02 15
https://github.com/oomlout/oomlout_oomp_current_version_messy/tree/main/parts/oobb_part_tray_vertical_07_02_15,,Oobb Part Tray Vertical 07 02 15
https://github.com/oomlout/oomlout_oomp_current_version_messy/tree/main/parts/oobb_part_tray_vertical_07_02_15,86021c,Oobb Part Tray Vertical 07 02 15
https://github.com/oomlout/oomlout_oomp_current_version_messy/tree/main/parts/oobb_part_tray_vertical_07_02_15,588ik,Oobb Part Tray Vertical 07 02 15
https://github.com/oomlout/oomlout_oomp_current_version_messy/tree/main/parts/oobb_part_tray_vertical_07_02_18,oobb_part_tray_vertical_07_02_18,Oobb Part Tray Vertical 07 02 18
https://github.com/oomlout/oomlout_oomp_current_version_messy/tree/main/parts/oobb_part_tray_vertical_07_02_18,,Oobb Part Tray Vertical 07 02 18
https://github.com/oomlout/oomlout_oomp_current_version_messy/tree/main/parts/oobb_part_tray_vertical_07_02_18,d2196e,Oobb Part Tray Vertical 07 02 18
https://github.com/oomlout/oomlout_oomp_current_version_messy/tree/main/parts/oobb_part_tray_vertical_07_02_18,874a6,Oobb Part Tray Vertical 07 02 18
https://github.com/oomlout/oomlout_oomp_current_version_messy/tree/main/parts/oobb_part_tray_vertical_07_02_21,oobb_part_tray_vertical_07_02_21,Oobb Part Tray Vertical 07 02 21
https://github.com/oomlout/oomlout_oomp_current_version_messy/tree/main/parts/oobb_part_tray_vertical_07_02_21,,Oobb Part Tray Vertical 07 02 21
https://github.com/oomlout/oomlout_oomp_current_version_messy/tree/main/parts/oobb_part_tray_vertical_07_02_21,ca51e9,Oobb Part Tray Vertical 07 02 21
https://github.com/oomlout/oomlout_oomp_current_version_messy/tree/main/parts/oobb_part_tray_vertical_07_02_21,7w6w9,Oobb Part Tray Vertical 07 02 21
https://github.com/oomlout/oomlout_oomp_current_version_messy/tree/main/parts/oobb_part_tray_vertical_07_02_24,oobb_part_tray_vertical_07_02_24,Oobb Part Tray Vertical 07 02 24
https://github.com/oomlout/oomlout_oomp_current_version_messy/tree/main/parts/oobb_part_tray_vertical_07_02_24,,Oobb Part Tray Vertical 07 02 24
https://github.com/oomlout/oomlout_oomp_current_version_messy/tree/main/parts/oobb_part_tray_vertical_07_02_24,429488,Oobb Part Tray Vertical 07 02 24
https://github.com/oomlout/oomlout_oomp_current_version_messy/tree/main/parts/oobb_part_tray_vertical_07_02_24,2litk,Oobb Part Tray Vertical 07 02 24
https://github.com/oomlout/oomlout_oomp_current_version_messy/tree/main/parts/oobb_part_tray_vertical_07_02_27,oobb_part_tray_vertical_07_02_27,Oobb Part Tray Vertical 07 02 27
https://github.com/oomlout/oomlout_oomp_current_version_messy/tree/main/parts/oobb_part_tray_vertical_07_02_27,,Oobb Part Tray Vertical 07 02 27
https://github.com/oomlout/oomlout_oomp_current_version_messy/tree/main/parts/oobb_part_tray_vertical_07_02_27,9fc510,Oobb Part Tray Vertical 07 02 27
https://github.com/oomlout/oomlout_oomp_current_version_messy/tree/main/parts/oobb_part_tray_vertical_07_02_27,68f80,Oobb Part Tray Vertical 07 02 27
https://github.com/oomlout/oomlout_oomp_current_version_messy/tree/main/parts/oobb_part_tray_vertical_07_02_30,oobb_part_tray_vertical_07_02_30,Oobb Part Tray Vertical 07 02 30
https://github.com/oomlout/oomlout_oomp_current_version_messy/tree/main/parts/oobb_part_tray_vertical_07_02_30,,Oobb Part Tray Vertical 07 02 30
https://github.com/oomlout/oomlout_oomp_current_version_messy/tree/main/parts/oobb_part_tray_vertical_07_02_30,2892b5,Oobb Part Tray Vertical 07 02 30
https://github.com/oomlout/oomlout_oomp_current_version_messy/tree/main/parts/oobb_part_tray_vertical_07_02_30,1kzp1,Oobb Part Tray Vertical 07 02 30
https://github.com/oomlout/oomlout_oomp_current_version_messy/tree/main/parts/oobb_part_tray_vertical_07_02_60,oobb_part_tray_vertical_07_02_60,Oobb Part Tray Vertical 07 02 60
https://github.com/oomlout/oomlout_oomp_current_version_messy/tree/main/parts/oobb_part_tray_vertical_07_02_60,,Oobb Part Tray Vertical 07 02 60
https://github.com/oomlout/oomlout_oomp_current_version_messy/tree/main/parts/oobb_part_tray_vertical_07_02_60,04bdef,Oobb Part Tray Vertical 07 02 60
https://github.com/oomlout/oomlout_oomp_current_version_messy/tree/main/parts/oobb_part_tray_vertical_07_02_60,6nsf,Oobb Part Tray Vertical 07 02 60
https://github.com/oomlout/oomlout_oomp_current_version_messy/tree/main/parts/oobb_part_tray_vertical_07_02_90,oobb_part_tray_vertical_07_02_90,Oobb Part Tray Vertical 07 02 90
https://github.com/oomlout/oomlout_oomp_current_version_messy/tree/main/parts/oobb_part_tray_vertical_07_02_90,,Oobb Part Tray Vertical 07 02 90
https://github.com/oomlout/oomlout_oomp_current_version_messy/tree/main/parts/oobb_part_tray_vertical_07_02_90,aeb16f,Oobb Part Tray Vertical 07 02 90
https://github.com/oomlout/oomlout_oomp_current_version_messy/tree/main/parts/oobb_part_tray_vertical_07_02_90,6tdv3,Oobb Part Tray Vertical 07 02 90
https://github.com/oomlout/oomlout_oomp_current_version_messy/tree/main/parts/oobb_part_tray_vertical_07_03_09,oobb_part_tray_vertical_07_03_09,Oobb Part Tray Vertical 07 03 09
https://github.com/oomlout/oomlout_oomp_current_version_messy/tree/main/parts/oobb_part_tray_vertical_07_03_09,,Oobb Part Tray Vertical 07 03 09
https://github.com/oomlout/oomlout_oomp_current_version_messy/tree/main/parts/oobb_part_tray_vertical_07_03_09,1ceb3e,Oobb Part Tray Vertical 07 03 09
https://github.com/oomlout/oomlout_oomp_current_version_messy/tree/main/parts/oobb_part_tray_vertical_07_03_09,14mda,Oobb Part Tray Vertical 07 03 09
https://github.com/oomlout/oomlout_oomp_current_version_messy/tree/main/parts/oobb_part_tray_vertical_07_03_12,oobb_part_tray_vertical_07_03_12,Oobb Part Tray Vertical 07 03 12
https://github.com/oomlout/oomlout_oomp_current_version_messy/tree/main/parts/oobb_part_tray_vertical_07_03_12,,Oobb Part Tray Vertical 07 03 12
https://github.com/oomlout/oomlout_oomp_current_version_messy/tree/main/parts/oobb_part_tray_vertical_07_03_12,e92c0e,Oobb Part Tray Vertical 07 03 12
https://github.com/oomlout/oomlout_oomp_current_version_messy/tree/main/parts/oobb_part_tray_vertical_07_03_12,93j0u,Oobb Part Tray Vertical 07 03 12
https://github.com/oomlout/oomlout_oomp_current_version_messy/tree/main/parts/oobb_part_tray_vertical_07_03_15,oobb_part_tray_vertical_07_03_15,Oobb Part Tray Vertical 07 03 15
https://github.com/oomlout/oomlout_oomp_current_version_messy/tree/main/parts/oobb_part_tray_vertical_07_03_15,,Oobb Part Tray Vertical 07 03 15
https://github.com/oomlout/oomlout_oomp_current_version_messy/tree/main/parts/oobb_part_tray_vertical_07_03_15,d9a48f,Oobb Part Tray Vertical 07 03 15
https://github.com/oomlout/oomlout_oomp_current_version_messy/tree/main/parts/oobb_part_tray_vertical_07_03_15,8hpqn,Oobb Part Tray Vertical 07 03 15
https://github.com/oomlout/oomlout_oomp_current_version_messy/tree/main/parts/oobb_part_tray_vertical_07_03_18,oobb_part_tray_vertical_07_03_18,Oobb Part Tray Vertical 07 03 18
https://github.com/oomlout/oomlout_oomp_current_version_messy/tree/main/parts/oobb_part_tray_vertical_07_03_18,,Oobb Part Tray Vertical 07 03 18
https://github.com/oomlout/oomlout_oomp_current_version_messy/tree/main/parts/oobb_part_tray_vertical_07_03_18,70ca06,Oobb Part Tray Vertical 07 03 18
https://github.com/oomlout/oomlout_oomp_current_version_messy/tree/main/parts/oobb_part_tray_vertical_07_03_18,4efie,Oobb Part Tray Vertical 07 03 18
https://github.com/oomlout/oomlout_oomp_current_version_messy/tree/main/parts/oobb_part_tray_vertical_07_03_21,oobb_part_tray_vertical_07_03_21,Oobb Part Tray Vertical 07 03 21
https://github.com/oomlout/oomlout_oomp_current_version_messy/tree/main/parts/oobb_part_tray_vertical_07_03_21,,Oobb Part Tray Vertical 07 03 21
https://github.com/oomlout/oomlout_oomp_current_version_messy/tree/main/parts/oobb_part_tray_vertical_07_03_21,0d817d,Oobb Part Tray Vertical 07 03 21
https://github.com/oomlout/oomlout_oomp_current_version_messy/tree/main/parts/oobb_part_tray_vertical_07_03_21,iyyl,Oobb Part Tray Vertical 07 03 21
https://github.com/oomlout/oomlout_oomp_current_version_messy/tree/main/parts/oobb_part_tray_vertical_07_03_24,oobb_part_tray_vertical_07_03_24,Oobb Part Tray Vertical 07 03 24
https://github.com/oomlout/oomlout_oomp_current_version_messy/tree/main/parts/oobb_part_tray_vertical_07_03_24,,Oobb Part Tray Vertical 07 03 24
https://github.com/oomlout/oomlout_oomp_current_version_messy/tree/main/parts/oobb_part_tray_vertical_07_03_24,9e5853,Oobb Part Tray Vertical 07 03 24
https://github.com/oomlout/oomlout_oomp_current_version_messy/tree/main/parts/oobb_part_tray_vertical_07_03_24,66f6b,Oobb Part Tray Vertical 07 03 24
https://github.com/oomlout/oomlout_oomp_current_version_messy/tree/main/parts/oobb_part_tray_vertical_07_03_27,oobb_part_tray_vertical_07_03_27,Oobb Part Tray Vertical 07 03 27
https://github.com/oomlout/oomlout_oomp_current_version_messy/tree/main/parts/oobb_part_tray_vertical_07_03_27,,Oobb Part Tray Vertical 07 03 27
https://github.com/oomlout/oomlout_oomp_current_version_messy/tree/main/parts/oobb_part_tray_vertical_07_03_27,ad265b,Oobb Part Tray Vertical 07 03 27
https://github.com/oomlout/oomlout_oomp_current_version_messy/tree/main/parts/oobb_part_tray_vertical_07_03_27,6r7tn,Oobb Part Tray Vertical 07 03 27
https://github.com/oomlout/oomlout_oomp_current_version_messy/tree/main/parts/oobb_part_tray_vertical_07_03_30,oobb_part_tray_vertical_07_03_30,Oobb Part Tray Vertical 07 03 30
https://github.com/oomlout/oomlout_oomp_current_version_messy/tree/main/parts/oobb_part_tray_vertical_07_03_30,,Oobb Part Tray Vertical 07 03 30
https://github.com/oomlout/oomlout_oomp_current_version_messy/tree/main/parts/oobb_part_tray_vertical_07_03_30,4144bb,Oobb Part Tray Vertical 07 03 30
https://github.com/oomlout/oomlout_oomp_current_version_messy/tree/main/parts/oobb_part_tray_vertical_07_03_30,2john,Oobb Part Tray Vertical 07 03 30
https://github.com/oomlout/oomlout_oomp_current_version_messy/tree/main/parts/oobb_part_tray_vertical_07_03_60,oobb_part_tray_vertical_07_03_60,Oobb Part Tray Vertical 07 03 60
https://github.com/oomlout/oomlout_oomp_current_version_messy/tree/main/parts/oobb_part_tray_vertical_07_03_60,,Oobb Part Tray Vertical 07 03 60
https://github.com/oomlout/oomlout_oomp_current_version_messy/tree/main/parts/oobb_part_tray_vertical_07_03_60,460831,Oobb Part Tray Vertical 07 03 60
https://github.com/oomlout/oomlout_oomp_current_version_messy/tree/main/parts/oobb_part_tray_vertical_07_03_60,2qddd,Oobb Part Tray Vertical 07 03 60
https://github.com/oomlout/oomlout_oomp_current_version_messy/tree/main/parts/oobb_part_tray_vertical_07_03_90,oobb_part_tray_vertical_07_03_90,Oobb Part Tray Vertical 07 03 90
https://github.com/oomlout/oomlout_oomp_current_version_messy/tree/main/parts/oobb_part_tray_vertical_07_03_90,,Oobb Part Tray Vertical 07 03 90
https://github.com/oomlout/oomlout_oomp_current_version_messy/tree/main/parts/oobb_part_tray_vertical_07_03_90,08d3ef,Oobb Part Tray Vertical 07 03 90
https://github.com/oomlout/oomlout_oomp_current_version_messy/tree/main/parts/oobb_part_tray_vertical_07_03_90,ceen,Oobb Part Tray Vertical 07 03 90
https://github.com/oomlout/oomlout_oomp_current_version_messy/tree/main/parts/oobb_part_tray_vertical_07_04_09,oobb_part_tray_vertical_07_04_09,Oobb Part Tray Vertical 07 04 09
https://github.com/oomlout/oomlout_oomp_current_version_messy/tree/main/parts/oobb_part_tray_vertical_07_04_09,,Oobb Part Tray Vertical 07 04 09
https://github.com/oomlout/oomlout_oomp_current_version_messy/tree/main/parts/oobb_part_tray_vertical_07_04_09,99f7ec,Oobb Part Tray Vertical 07 04 09
https://github.com/oomlout/oomlout_oomp_current_version_messy/tree/main/parts/oobb_part_tray_vertical_07_04_09,609v0,Oobb Part Tray Vertical 07 04 09
https://github.com/oomlout/oomlout_oomp_current_version_messy/tree/main/parts/oobb_part_tray_vertical_07_04_12,oobb_part_tray_vertical_07_04_12,Oobb Part Tray Vertical 07 04 12
https://github.com/oomlout/oomlout_oomp_current_version_messy/tree/main/parts/oobb_part_tray_vertical_07_04_12,,Oobb Part Tray Vertical 07 04 12
https://github.com/oomlout/oomlout_oomp_current_version_messy/tree/main/parts/oobb_part_tray_vertical_07_04_12,5ef414,Oobb Part Tray Vertical 07 04 12
https://github.com/oomlout/oomlout_oomp_current_version_messy/tree/main/parts/oobb_part_tray_vertical_07_04_12,3pdlg,Oobb Part Tray Vertical 07 04 12
https://github.com/oomlout/oomlout_oomp_current_version_messy/tree/main/parts/oobb_part_tray_vertical_07_04_15,oobb_part_tray_vertical_07_04_15,Oobb Part Tray Vertical 07 04 15
https://github.com/oomlout/oomlout_oomp_current_version_messy/tree/main/parts/oobb_part_tray_vertical_07_04_15,,Oobb Part Tray Vertical 07 04 15
https://github.com/oomlout/oomlout_oomp_current_version_messy/tree/main/parts/oobb_part_tray_vertical_07_04_15,0c9261,Oobb Part Tray Vertical 07 04 15
https://github.com/oomlout/oomlout_oomp_current_version_messy/tree/main/parts/oobb_part_tray_vertical_07_04_15,hnq9,Oobb Part Tray Vertical 07 04 15
https://github.com/oomlout/oomlout_oomp_current_version_messy/tree/main/parts/oobb_part_tray_vertical_07_04_18,oobb_part_tray_vertical_07_04_18,Oobb Part Tray Vertical 07 04 18
https://github.com/oomlout/oomlout_oomp_current_version_messy/tree/main/parts/oobb_part_tray_vertical_07_04_18,,Oobb Part Tray Vertical 07 04 18
https://github.com/oomlout/oomlout_oomp_current_version_messy/tree/main/parts/oobb_part_tray_vertical_07_04_18,36c8e4,Oobb Part Tray Vertical 07 04 18
https://github.com/oomlout/oomlout_oomp_current_version_messy/tree/main/parts/oobb_part_tray_vertical_07_04_18,24yck,Oobb Part Tray Vertical 07 04 18
https://github.com/oomlout/oomlout_oomp_current_version_messy/tree/main/parts/oobb_part_tray_vertical_07_04_21,oobb_part_tray_vertical_07_04_21,Oobb Part Tray Vertical 07 04 21
https://github.com/oomlout/oomlout_oomp_current_version_messy/tree/main/parts/oobb_part_tray_vertical_07_04_21,,Oobb Part Tray Vertical 07 04 21
https://github.com/oomlout/oomlout_oomp_current_version_messy/tree/main/parts/oobb_part_tray_vertical_07_04_21,bc5bcb,Oobb Part Tray Vertical 07 04 21
https://github.com/oomlout/oomlout_oomp_current_version_messy/tree/main/parts/oobb_part_tray_vertical_07_04_21,7ckwb,Oobb Part Tray Vertical 07 04 21
https://github.com/oomlout/oomlout_oomp_current_version_messy/tree/main/parts/oobb_part_tray_vertical_07_04_24,oobb_part_tray_vertical_07_04_24,Oobb Part Tray Vertical 07 04 24
https://github.com/oomlout/oomlout_oomp_current_version_messy/tree/main/parts/oobb_part_tray_vertical_07_04_24,,Oobb Part Tray Vertical 07 04 24
https://github.com/oomlout/oomlout_oomp_current_version_messy/tree/main/parts/oobb_part_tray_vertical_07_04_24,40ffd4,Oobb Part Tray Vertical 07 04 24
https://github.com/oomlout/oomlout_oomp_current_version_messy/tree/main/parts/oobb_part_tray_vertical_07_04_24,2javo,Oobb Part Tray Vertical 07 04 24
https://github.com/oomlout/oomlout_oomp_current_version_messy/tree/main/parts/oobb_part_tray_vertical_07_04_27,oobb_part_tray_vertical_07_04_27,Oobb Part Tray Vertical 07 04 27
https://github.com/oomlout/oomlout_oomp_current_version_messy/tree/main/parts/oobb_part_tray_vertical_07_04_27,,Oobb Part Tray Vertical 07 04 27
https://github.com/oomlout/oomlout_oomp_current_version_messy/tree/main/parts/oobb_part_tray_vertical_07_04_27,75a298,Oobb Part Tray Vertical 07 04 27
https://github.com/oomlout/oomlout_oomp_current_version_messy/tree/main/parts/oobb_part_tray_vertical_07_04_27,4l8k8,Oobb Part Tray Vertical 07 04 27
https://github.com/oomlout/oomlout_oomp_current_version_messy/tree/main/parts/oobb_part_tray_vertical_07_04_30,oobb_part_tray_vertical_07_04_30,Oobb Part Tray Vertical 07 04 30
https://github.com/oomlout/oomlout_oomp_current_version_messy/tree/main/parts/oobb_part_tray_vertical_07_04_30,,Oobb Part Tray Vertical 07 04 30
https://github.com/oomlout/oomlout_oomp_current_version_messy/tree/main/parts/oobb_part_tray_vertical_07_04_30,7f9be6,Oobb Part Tray Vertical 07 04 30
https://github.com/oomlout/oomlout_oomp_current_version_messy/tree/main/parts/oobb_part_tray_vertical_07_04_30,4z8x2,Oobb Part Tray Vertical 07 04 30
https://github.com/oomlout/oomlout_oomp_current_version_messy/tree/main/parts/oobb_part_tray_vertical_07_04_60,oobb_part_tray_vertical_07_04_60,Oobb Part Tray Vertical 07 04 60
https://github.com/oomlout/oomlout_oomp_current_version_messy/tree/main/parts/oobb_part_tray_vertical_07_04_60,,Oobb Part Tray Vertical 07 04 60
https://github.com/oomlout/oomlout_oomp_current_version_messy/tree/main/parts/oobb_part_tray_vertical_07_04_60,1f985a,Oobb Part Tray Vertical 07 04 60
https://github.com/oomlout/oomlout_oomp_current_version_messy/tree/main/parts/oobb_part_tray_vertical_07_04_60,18dp6,Oobb Part Tray Vertical 07 04 60
https://github.com/oomlout/oomlout_oomp_current_version_messy/tree/main/parts/oobb_part_tray_vertical_07_04_90,oobb_part_tray_vertical_07_04_90,Oobb Part Tray Vertical 07 04 90
https://github.com/oomlout/oomlout_oomp_current_version_messy/tree/main/parts/oobb_part_tray_vertical_07_04_90,,Oobb Part Tray Vertical 07 04 90
https://github.com/oomlout/oomlout_oomp_current_version_messy/tree/main/parts/oobb_part_tray_vertical_07_04_90,09e4a1,Oobb Part Tray Vertical 07 04 90
https://github.com/oomlout/oomlout_oomp_current_version_messy/tree/main/parts/oobb_part_tray_vertical_07_04_90,dw9t,Oobb Part Tray Vertical 07 04 90
https://github.com/oomlout/oomlout_oomp_current_version_messy/tree/main/parts/oobb_part_tray_vertical_07_05_09,oobb_part_tray_vertical_07_05_09,Oobb Part Tray Vertical 07 05 09
https://github.com/oomlout/oomlout_oomp_current_version_messy/tree/main/parts/oobb_part_tray_vertical_07_05_09,,Oobb Part Tray Vertical 07 05 09
https://github.com/oomlout/oomlout_oomp_current_version_messy/tree/main/parts/oobb_part_tray_vertical_07_05_09,e27377,Oobb Part Tray Vertical 07 05 09
https://github.com/oomlout/oomlout_oomp_current_version_messy/tree/main/parts/oobb_part_tray_vertical_07_05_09,8u35j,Oobb Part Tray Vertical 07 05 09
https://github.com/oomlout/oomlout_oomp_current_version_messy/tree/main/parts/oobb_part_tray_vertical_07_05_12,oobb_part_tray_vertical_07_05_12,Oobb Part Tray Vertical 07 05 12
https://github.com/oomlout/oomlout_oomp_current_version_messy/tree/main/parts/oobb_part_tray_vertical_07_05_12,,Oobb Part Tray Vertical 07 05 12
https://github.com/oomlout/oomlout_oomp_current_version_messy/tree/main/parts/oobb_part_tray_vertical_07_05_12,e34e3a,Oobb Part Tray Vertical 07 05 12
https://github.com/oomlout/oomlout_oomp_current_version_messy/tree/main/parts/oobb_part_tray_vertical_07_05_12,8vad6,Oobb Part Tray Vertical 07 05 12
https://github.com/oomlout/oomlout_oomp_current_version_messy/tree/main/parts/oobb_part_tray_vertical_07_05_15,oobb_part_tray_vertical_07_05_15,Oobb Part Tray Vertical 07 05 15
https://github.com/oomlout/oomlout_oomp_current_version_messy/tree/main/parts/oobb_part_tray_vertical_07_05_15,,Oobb Part Tray Vertical 07 05 15
https://github.com/oomlout/oomlout_oomp_current_version_messy/tree/main/parts/oobb_part_tray_vertical_07_05_15,5ac4a3,Oobb Part Tray Vertical 07 05 15
https://github.com/oomlout/oomlout_oomp_current_version_messy/tree/main/parts/oobb_part_tray_vertical_07_05_15,3jhyb,Oobb Part Tray Vertical 07 05 15
https://github.com/oomlout/oomlout_oomp_current_version_messy/tree/main/parts/oobb_part_tray_vertical_07_05_18,oobb_part_tray_vertical_07_05_18,Oobb Part Tray Vertical 07 05 18
https://github.com/oomlout/oomlout_oomp_current_version_messy/tree/main/parts/oobb_part_tray_vertical_07_05_18,,Oobb Part Tray Vertical 07 05 18
https://github.com/oomlout/oomlout_oomp_current_version_messy/tree/main/parts/oobb_part_tray_vertical_07_05_18,3d7c5f,Oobb Part Tray Vertical 07 05 18
https://github.com/oomlout/oomlout_oomp_current_version_messy/tree/main/parts/oobb_part_tray_vertical_07_05_18,2ed7j,Oobb Part Tray Vertical 07 05 18
https://github.com/oomlout/oomlout_oomp_current_version_messy/tree/main/parts/oobb_part_tray_vertical_07_05_21,oobb_part_tray_vertical_07_05_21,Oobb Part Tray Vertical 07 05 21
https://github.com/oomlout/oomlout_oomp_current_version_messy/tree/main/parts/oobb_part_tray_vertical_07_05_21,,Oobb Part Tray Vertical 07 05 21
https://github.com/oomlout/oomlout_oomp_current_version_messy/tree/main/parts/oobb_part_tray_vertical_07_05_21,d42952,Oobb Part Tray Vertical 07 05 21
https://github.com/oomlout/oomlout_oomp_current_version_messy/tree/main/parts/oobb_part_tray_vertical_07_05_21,8a0k2,Oobb Part Tray Vertical 07 05 21
https://github.com/oomlout/oomlout_oomp_current_version_messy/tree/main/parts/oobb_part_tray_vertical_07_05_24,oobb_part_tray_vertical_07_05_24,Oobb Part Tray Vertical 07 05 24
https://github.com/oomlout/oomlout_oomp_current_version_messy/tree/main/parts/oobb_part_tray_vertical_07_05_24,,Oobb Part Tray Vertical 07 05 24
https://github.com/oomlout/oomlout_oomp_current_version_messy/tree/main/parts/oobb_part_tray_vertical_07_05_24,11c9f0,Oobb Part Tray Vertical 07 05 24
https://github.com/oomlout/oomlout_oomp_current_version_messy/tree/main/parts/oobb_part_tray_vertical_07_05_24,ozjk,Oobb Part Tray Vertical 07 05 24
https://github.com/oomlout/oomlout_oomp_current_version_messy/tree/main/parts/oobb_part_tray_vertical_07_05_27,oobb_part_tray_vertical_07_05_27,Oobb Part Tray Vertical 07 05 27
https://github.com/oomlout/oomlout_oomp_current_version_messy/tree/main/parts/oobb_part_tray_vertical_07_05_27,,Oobb Part Tray Vertical 07 05 27
https://github.com/oomlout/oomlout_oomp_current_version_messy/tree/main/parts/oobb_part_tray_vertical_07_05_27,a319eb,Oobb Part Tray Vertical 07 05 27
https://github.com/oomlout/oomlout_oomp_current_version_messy/tree/main/parts/oobb_part_tray_vertical_07_05_27,6d3or,Oobb Part Tray Vertical 07 05 27
https://github.com/oomlout/oomlout_oomp_current_version_messy/tree/main/parts/oobb_part_tray_vertical_07_05_30,oobb_part_tray_vertical_07_05_30,Oobb Part Tray Vertical 07 05 30
https://github.com/oomlout/oomlout_oomp_current_version_messy/tree/main/parts/oobb_part_tray_vertical_07_05_30,,Oobb Part Tray Vertical 07 05 30
https://github.com/oomlout/oomlout_oomp_current_version_messy/tree/main/parts/oobb_part_tray_vertical_07_05_30,709f87,Oobb Part Tray Vertical 07 05 30
https://github.com/oomlout/oomlout_oomp_current_version_messy/tree/main/parts/oobb_part_tray_vertical_07_05_30,4e747,Oobb Part Tray Vertical 07 05 30
https://github.com/oomlout/oomlout_oomp_current_version_messy/tree/main/parts/oobb_part_tray_vertical_07_05_60,oobb_part_tray_vertical_07_05_60,Oobb Part Tray Vertical 07 05 60
https://github.com/oomlout/oomlout_oomp_current_version_messy/tree/main/parts/oobb_part_tray_vertical_07_05_60,,Oobb Part Tray Vertical 07 05 60
https://github.com/oomlout/oomlout_oomp_current_version_messy/tree/main/parts/oobb_part_tray_vertical_07_05_60,1fc7c0,Oobb Part Tray Vertical 07 05 60
https://github.com/oomlout/oomlout_oomp_current_version_messy/tree/main/parts/oobb_part_tray_vertical_07_05_60,18n28,Oobb Part Tray Vertical 07 05 60
https://github.com/oomlout/oomlout_oomp_current_version_messy/tree/main/parts/oobb_part_tray_vertical_07_05_90,oobb_part_tray_vertical_07_05_90,Oobb Part Tray Vertical 07 05 90
https://github.com/oomlout/oomlout_oomp_current_version_messy/tree/main/parts/oobb_part_tray_vertical_07_05_90,,Oobb Part Tray Vertical 07 05 90
https://github.com/oomlout/oomlout_oomp_current_version_messy/tree/main/parts/oobb_part_tray_vertical_07_05_90,faaa7a,Oobb Part Tray Vertical 07 05 90
https://github.com/oomlout/oomlout_oomp_current_version_messy/tree/main/parts/oobb_part_tray_vertical_07_05_90,9s3ne,Oobb Part Tray Vertical 07 05 90
https://github.com/oomlout/oomlout_oomp_current_version_messy/tree/main/parts/oobb_part_tray_vertical_07_06_09,oobb_part_tray_vertical_07_06_09,Oobb Part Tray Vertical 07 06 09
https://github.com/oomlout/oomlout_oomp_current_version_messy/tree/main/parts/oobb_part_tray_vertical_07_06_09,,Oobb Part Tray Vertical 07 06 09
https://github.com/oomlout/oomlout_oomp_current_version_messy/tree/main/parts/oobb_part_tray_vertical_07_06_09,9c5c41,Oobb Part Tray Vertical 07 06 09
https://github.com/oomlout/oomlout_oomp_current_version_messy/tree/main/parts/oobb_part_tray_vertical_07_06_09,63mtd,Oobb Part Tray Vertical 07 06 09
https://github.com/oomlout/oomlout_oomp_current_version_messy/tree/main/parts/oobb_part_tray_vertical_07_06_12,oobb_part_tray_vertical_07_06_12,Oobb Part Tray Vertical 07 06 12
https://github.com/oomlout/oomlout_oomp_current_version_messy/tree/main/parts/oobb_part_tray_vertical_07_06_12,,Oobb Part Tray Vertical 07 06 12
https://github.com/oomlout/oomlout_oomp_current_version_messy/tree/main/parts/oobb_part_tray_vertical_07_06_12,14a7ff,Oobb Part Tray Vertical 07 06 12
https://github.com/oomlout/oomlout_oomp_current_version_messy/tree/main/parts/oobb_part_tray_vertical_07_06_12,t0jj,Oobb Part Tray Vertical 07 06 12
https://github.com/oomlout/oomlout_oomp_current_version_messy/tree/main/parts/oobb_part_tray_vertical_07_06_15,oobb_part_tray_vertical_07_06_15,Oobb Part Tray Vertical 07 06 15
https://github.com/oomlout/oomlout_oomp_current_version_messy/tree/main/parts/oobb_part_tray_vertical_07_06_15,,Oobb Part Tray Vertical 07 06 15
https://github.com/oomlout/oomlout_oomp_current_version_messy/tree/main/parts/oobb_part_tray_vertical_07_06_15,eb69c9,Oobb Part Tray Vertical 07 06 15
https://github.com/oomlout/oomlout_oomp_current_version_messy/tree/main/parts/oobb_part_tray_vertical_07_06_15,96ocp,Oobb Part Tray Vertical 07 06 15
https://github.com/oomlout/oomlout_oomp_current_version_messy/tree/main/parts/oobb_part_tray_vertical_07_06_18,oobb_part_tray_vertical_07_06_18,Oobb Part Tray Vertical 07 06 18
https://github.com/oomlout/oomlout_oomp_current_version_messy/tree/main/parts/oobb_part_tray_vertical_07_06_18,,Oobb Part Tray Vertical 07 06 18
https://github.com/oomlout/oomlout_oomp_current_version_messy/tree/main/parts/oobb_part_tray_vertical_07_06_18,58fd96,Oobb Part Tray Vertical 07 06 18
https://github.com/oomlout/oomlout_oomp_current_version_messy/tree/main/parts/oobb_part_tray_vertical_07_06_18,3h02e,Oobb Part Tray Vertical 07 06 18
https://github.com/oomlout/oomlout_oomp_current_version_messy/tree/main/parts/oobb_part_tray_vertical_07_06_21,oobb_part_tray_vertical_07_06_21,Oobb Part Tray Vertical 07 06 21
https://github.com/oomlout/oomlout_oomp_current_version_messy/tree/main/parts/oobb_part_tray_vertical_07_06_21,,Oobb Part Tray Vertical 07 06 21
https://github.com/oomlout/oomlout_oomp_current_version_messy/tree/main/parts/oobb_part_tray_vertical_07_06_21,b03ea4,Oobb Part Tray Vertical 07 06 21
https://github.com/oomlout/oomlout_oomp_current_version_messy/tree/main/parts/oobb_part_tray_vertical_07_06_21,6vkbo,Oobb Part Tray Vertical 07 06 21
https://github.com/oomlout/oomlout_oomp_current_version_messy/tree/main/parts/oobb_part_tray_vertical_07_06_24,oobb_part_tray_vertical_07_06_24,Oobb Part Tray Vertical 07 06 24
https://github.com/oomlout/oomlout_oomp_current_version_messy/tree/main/parts/oobb_part_tray_vertical_07_06_24,,Oobb Part Tray Vertical 07 06 24
https://github.com/oomlout/oomlout_oomp_current_version_messy/tree/main/parts/oobb_part_tray_vertical_07_06_24,61810e,Oobb Part Tray Vertical 07 06 24
https://github.com/oomlout/oomlout_oomp_current_version_messy/tree/main/parts/oobb_part_tray_vertical_07_06_24,3syku,Oobb Part Tray Vertical 07 06 24
https://github.com/oomlout/oomlout_oomp_current_version_messy/tree/main/parts/oobb_part_tray_vertical_07_06_27,oobb_part_tray_vertical_07_06_27,Oobb Part Tray Vertical 07 06 27
https://github.com/oomlout/oomlout_oomp_current_version_messy/tree/main/parts/oobb_part_tray_vertical_07_06_27,,Oobb Part Tray Vertical 07 06 27
https://github.com/oomlout/oomlout_oomp_current_version_messy/tree/main/parts/oobb_part_tray_vertical_07_06_27,a0e186,Oobb Part Tray Vertical 07 06 27
https://github.com/oomlout/oomlout_oomp_current_version_messy/tree/main/parts/oobb_part_tray_vertical_07_06_27,69zeu,Oobb Part Tray Vertical 07 06 27
https://github.com/oomlout/oomlout_oomp_current_version_messy/tree/main/parts/oobb_part_tray_vertical_07_06_30,oobb_part_tray_vertical_07_06_30,Oobb Part Tray Vertical 07 06 30
https://github.com/oomlout/oomlout_oomp_current_version_messy/tree/main/parts/oobb_part_tray_vertical_07_06_30,,Oobb Part Tray Vertical 07 06 30
https://github.com/oomlout/oomlout_oomp_current_version_messy/tree/main/parts/oobb_part_tray_vertical_07_06_30,308f99,Oobb Part Tray Vertical 07 06 30
https://github.com/oomlout/oomlout_oomp_current_version_messy/tree/main/parts/oobb_part_tray_vertical_07_06_30,1w7mh,Oobb Part Tray Vertical 07 06 30
https://github.com/oomlout/oomlout_oomp_current_version_messy/tree/main/parts/oobb_part_tray_vertical_07_06_60,oobb_part_tray_vertical_07_06_60,Oobb Part Tray Vertical 07 06 60
https://github.com/oomlout/oomlout_oomp_current_version_messy/tree/main/parts/oobb_part_tray_vertical_07_06_60,,Oobb Part Tray Vertical 07 06 60
https://github.com/oomlout/oomlout_oomp_current_version_messy/tree/main/parts/oobb_part_tray_vertical_07_06_60,a1f737,Oobb Part Tray Vertical 07 06 60
https://github.com/oomlout/oomlout_oomp_current_version_messy/tree/main/parts/oobb_part_tray_vertical_07_06_60,6bi9j,Oobb Part Tray Vertical 07 06 60
https://github.com/oomlout/oomlout_oomp_current_version_messy/tree/main/parts/oobb_part_tray_vertical_07_06_90,oobb_part_tray_vertical_07_06_90,Oobb Part Tray Vertical 07 06 90
https://github.com/oomlout/oomlout_oomp_current_version_messy/tree/main/parts/oobb_part_tray_vertical_07_06_90,,Oobb Part Tray Vertical 07 06 90
https://github.com/oomlout/oomlout_oomp_current_version_messy/tree/main/parts/oobb_part_tray_vertical_07_06_90,290202,Oobb Part Tray Vertical 07 06 90
https://github.com/oomlout/oomlout_oomp_current_version_messy/tree/main/parts/oobb_part_tray_vertical_07_06_90,1lloi,Oobb Part Tray Vertical 07 06 90
https://github.com/oomlout/oomlout_oomp_current_version_messy/tree/main/parts/oobb_part_tray_vertical_07_07_09,oobb_part_tray_vertical_07_07_09,Oobb Part Tray Vertical 07 07 09
https://github.com/oomlout/oomlout_oomp_current_version_messy/tree/main/parts/oobb_part_tray_vertical_07_07_09,,Oobb Part Tray Vertical 07 07 09
https://github.com/oomlout/oomlout_oomp_current_version_messy/tree/main/parts/oobb_part_tray_vertical_07_07_09,888c3e,Oobb Part Tray Vertical 07 07 09
https://github.com/oomlout/oomlout_oomp_current_version_messy/tree/main/parts/oobb_part_tray_vertical_07_07_09,5bsxq,Oobb Part Tray Vertical 07 07 09
https://github.com/oomlout/oomlout_oomp_current_version_messy/tree/main/parts/oobb_part_tray_vertical_07_07_12,oobb_part_tray_vertical_07_07_12,Oobb Part Tray Vertical 07 07 12
https://github.com/oomlout/oomlout_oomp_current_version_messy/tree/main/parts/oobb_part_tray_vertical_07_07_12,,Oobb Part Tray Vertical 07 07 12
https://github.com/oomlout/oomlout_oomp_current_version_messy/tree/main/parts/oobb_part_tray_vertical_07_07_12,ea1fa4,Oobb Part Tray Vertical 07 07 12
https://github.com/oomlout/oomlout_oomp_current_version_messy/tree/main/parts/oobb_part_tray_vertical_07_07_12,94v50,Oobb Part Tray Vertical 07 07 12
https://github.com/oomlout/oomlout_oomp_current_version_messy/tree/main/parts/oobb_part_tray_vertical_07_07_15,oobb_part_tray_vertical_07_07_15,Oobb Part Tray Vertical 07 07 15
https://github.com/oomlout/oomlout_oomp_current_version_messy/tree/main/parts/oobb_part_tray_vertical_07_07_15,,Oobb Part Tray Vertical 07 07 15
https://github.com/oomlout/oomlout_oomp_current_version_messy/tree/main/parts/oobb_part_tray_vertical_07_07_15,41c9e9,Oobb Part Tray Vertical 07 07 15
https://github.com/oomlout/oomlout_oomp_current_version_messy/tree/main/parts/oobb_part_tray_vertical_07_07_15,2kesp,Oobb Part Tray Vertical 07 07 15
https://github.com/oomlout/oomlout_oomp_current_version_messy/tree/main/parts/oobb_part_tray_vertical_07_07_18,oobb_part_tray_vertical_07_07_18,Oobb Part Tray Vertical 07 07 18
https://github.com/oomlout/oomlout_oomp_current_version_messy/tree/main/parts/oobb_part_tray_vertical_07_07_18,,Oobb Part Tray Vertical 07 07 18
https://github.com/oomlout/oomlout_oomp_current_version_messy/tree/main/parts/oobb_part_tray_vertical_07_07_18,2d4e14,Oobb Part Tray Vertical 07 07 18
https://github.com/oomlout/oomlout_oomp_current_version_messy/tree/main/parts/oobb_part_tray_vertical_07_07_18,1rmz8,Oobb Part Tray Vertical 07 07 18
https://github.com/oomlout/oomlout_oomp_current_version_messy/tree/main/parts/oobb_part_tray_vertical_07_07_21,oobb_part_tray_vertical_07_07_21,Oobb Part Tray Vertical 07 07 21
https://github.com/oomlout/oomlout_oomp_current_version_messy/tree/main/parts/oobb_part_tray_vertical_07_07_21,,Oobb Part Tray Vertical 07 07 21
https://github.com/oomlout/oomlout_oomp_current_version_messy/tree/main/parts/oobb_part_tray_vertical_07_07_21,7ab87b,Oobb Part Tray Vertical 07 07 21
https://github.com/oomlout/oomlout_oomp_current_version_messy/tree/main/parts/oobb_part_tray_vertical_07_07_21,4sdq3,Oobb Part Tray Vertical 07 07 21
https://github.com/oomlout/oomlout_oomp_current_version_messy/tree/main/parts/oobb_part_tray_vertical_07_07_24,oobb_part_tray_vertical_07_07_24,Oobb Part Tray Vertical 07 07 24
https://github.com/oomlout/oomlout_oomp_current_version_messy/tree/main/parts/oobb_part_tray_vertical_07_07_24,,Oobb Part Tray Vertical 07 07 24
https://github.com/oomlout/oomlout_oomp_current_version_messy/tree/main/parts/oobb_part_tray_vertical_07_07_24,d1a882,Oobb Part Tray Vertical 07 07 24
https://github.com/oomlout/oomlout_oomp_current_version_messy/tree/main/parts/oobb_part_tray_vertical_07_07_24,86hz6,Oobb Part Tray Vertical 07 07 24
https://github.com/oomlout/oomlout_oomp_current_version_messy/tree/main/parts/oobb_part_tray_vertical_07_07_27,oobb_part_tray_vertical_07_07_27,Oobb Part Tray Vertical 07 07 27
https://github.com/oomlout/oomlout_oomp_current_version_messy/tree/main/parts/oobb_part_tray_vertical_07_07_27,,Oobb Part Tray Vertical 07 07 27
https://github.com/oomlout/oomlout_oomp_current_version_messy/tree/main/parts/oobb_part_tray_vertical_07_07_27,149149,Oobb Part Tray Vertical 07 07 27
https://github.com/oomlout/oomlout_oomp_current_version_messy/tree/main/parts/oobb_part_tray_vertical_07_07_27,sw21,Oobb Part Tray Vertical 07 07 27
https://github.com/oomlout/oomlout_oomp_current_version_messy/tree/main/parts/oobb_part_tray_vertical_07_07_30,oobb_part_tray_vertical_07_07_30,Oobb Part Tray Vertical 07 07 30
https://github.com/oomlout/oomlout_oomp_current_version_messy/tree/main/parts/oobb_part_tray_vertical_07_07_30,,Oobb Part Tray Vertical 07 07 30
https://github.com/oomlout/oomlout_oomp_current_version_messy/tree/main/parts/oobb_part_tray_vertical_07_07_30,228781,Oobb Part Tray Vertical 07 07 30
https://github.com/oomlout/oomlout_oomp_current_version_messy/tree/main/parts/oobb_part_tray_vertical_07_07_30,1ci2p,Oobb Part Tray Vertical 07 07 30
https://github.com/oomlout/oomlout_oomp_current_version_messy/tree/main/parts/oobb_part_tray_vertical_07_07_60,oobb_part_tray_vertical_07_07_60,Oobb Part Tray Vertical 07 07 60
https://github.com/oomlout/oomlout_oomp_current_version_messy/tree/main/parts/oobb_part_tray_vertical_07_07_60,,Oobb Part Tray Vertical 07 07 60
https://github.com/oomlout/oomlout_oomp_current_version_messy/tree/main/parts/oobb_part_tray_vertical_07_07_60,4200cb,Oobb Part Tray Vertical 07 07 60
https://github.com/oomlout/oomlout_oomp_current_version_messy/tree/main/parts/oobb_part_tray_vertical_07_07_60,2kpmz,Oobb Part Tray Vertical 07 07 60
https://github.com/oomlout/oomlout_oomp_current_version_messy/tree/main/parts/oobb_part_tray_vertical_07_07_90,oobb_part_tray_vertical_07_07_90,Oobb Part Tray Vertical 07 07 90
https://github.com/oomlout/oomlout_oomp_current_version_messy/tree/main/parts/oobb_part_tray_vertical_07_07_90,,Oobb Part Tray Vertical 07 07 90
https://github.com/oomlout/oomlout_oomp_current_version_messy/tree/main/parts/oobb_part_tray_vertical_07_07_90,1ac6e3,Oobb Part Tray Vertical 07 07 90
https://github.com/oomlout/oomlout_oomp_current_version_messy/tree/main/parts/oobb_part_tray_vertical_07_07_90,11m1v,Oobb Part Tray Vertical 07 07 90
https://github.com/oomlout/oomlout_oomp_current_version_messy/tree/main/parts/oobb_part_tray_vertical_07_1d5_09,oobb_part_tray_vertical_07_1d5_09,Oobb Part Tray Vertical 07 1D5 09
https://github.com/oomlout/oomlout_oomp_current_version_messy/tree/main/parts/oobb_part_tray_vertical_07_1d5_09,,Oobb Part Tray Vertical 07 1D5 09
https://github.com/oomlout/oomlout_oomp_current_version_messy/tree/main/parts/oobb_part_tray_vertical_07_1d5_09,cd2936,Oobb Part Tray Vertical 07 1D5 09
https://github.com/oomlout/oomlout_oomp_current_version_messy/tree/main/parts/oobb_part_tray_vertical_07_1d5_09,806k6,Oobb Part Tray Vertical 07 1D5 09
https://github.com/oomlout/oomlout_oomp_current_version_messy/tree/main/parts/oobb_part_tray_vertical_07_1d5_12,oobb_part_tray_vertical_07_1d5_12,Oobb Part Tray Vertical 07 1D5 12
https://github.com/oomlout/oomlout_oomp_current_version_messy/tree/main/parts/oobb_part_tray_vertical_07_1d5_12,,Oobb Part Tray Vertical 07 1D5 12
https://github.com/oomlout/oomlout_oomp_current_version_messy/tree/main/parts/oobb_part_tray_vertical_07_1d5_12,a4d099,Oobb Part Tray Vertical 07 1D5 12
https://github.com/oomlout/oomlout_oomp_current_version_messy/tree/main/parts/oobb_part_tray_vertical_07_1d5_12,6fic9,Oobb Part Tray Vertical 07 1D5 12
https://github.com/oomlout/oomlout_oomp_current_version_messy/tree/main/parts/oobb_part_tray_vertical_07_1d5_15,oobb_part_tray_vertical_07_1d5_15,Oobb Part Tray Vertical 07 1D5 15
https://github.com/oomlout/oomlout_oomp_current_version_messy/tree/main/parts/oobb_part_tray_vertical_07_1d5_15,,Oobb Part Tray Vertical 07 1D5 15
https://github.com/oomlout/oomlout_oomp_current_version_messy/tree/main/parts/oobb_part_tray_vertical_07_1d5_15,7f900d,Oobb Part Tray Vertical 07 1D5 15
https://github.com/oomlout/oomlout_oomp_current_version_messy/tree/main/parts/oobb_part_tray_vertical_07_1d5_15,4z6kt,Oobb Part Tray Vertical 07 1D5 15
https://github.com/oomlout/oomlout_oomp_current_version_messy/tree/main/parts/oobb_part_tray_vertical_07_1d5_18,oobb_part_tray_vertical_07_1d5_18,Oobb Part Tray Vertical 07 1D5 18
https://github.com/oomlout/oomlout_oomp_current_version_messy/tree/main/parts/oobb_part_tray_vertical_07_1d5_18,,Oobb Part Tray Vertical 07 1D5 18
https://github.com/oomlout/oomlout_oomp_current_version_messy/tree/main/parts/oobb_part_tray_vertical_07_1d5_18,8387f5,Oobb Part Tray Vertical 07 1D5 18
https://github.com/oomlout/oomlout_oomp_current_version_messy/tree/main/parts/oobb_part_tray_vertical_07_1d5_18,54r91,Oobb Part Tray Vertical 07 1D5 18
https://github.com/oomlout/oomlout_oomp_current_version_messy/tree/main/parts/oobb_part_tray_vertical_07_1d5_21,oobb_part_tray_vertical_07_1d5_21,Oobb Part Tray Vertical 07 1D5 21
https://github.com/oomlout/oomlout_oomp_current_version_messy/tree/main/parts/oobb_part_tray_vertical_07_1d5_21,,Oobb Part Tray Vertical 07 1D5 21
https://github.com/oomlout/oomlout_oomp_current_version_messy/tree/main/parts/oobb_part_tray_vertical_07_1d5_21,c14695,Oobb Part Tray Vertical 07 1D5 21
https://github.com/oomlout/oomlout_oomp_current_version_messy/tree/main/parts/oobb_part_tray_vertical_07_1d5_21,7jhjp,Oobb Part Tray Vertical 07 1D5 21
https://github.com/oomlout/oomlout_oomp_current_version_messy/tree/main/parts/oobb_part_tray_vertical_07_1d5_24,oobb_part_tray_vertical_07_1d5_24,Oobb Part Tray Vertical 07 1D5 24
https://github.com/oomlout/oomlout_oomp_current_version_messy/tree/main/parts/oobb_part_tray_vertical_07_1d5_24,,Oobb Part Tray Vertical 07 1D5 24
https://github.com/oomlout/oomlout_oomp_current_version_messy/tree/main/parts/oobb_part_tray_vertical_07_1d5_24,b30f89,Oobb Part Tray Vertical 07 1D5 24
https://github.com/oomlout/oomlout_oomp_current_version_messy/tree/main/parts/oobb_part_tray_vertical_07_1d5_24,6ziq1,Oobb Part Tray Vertical 07 1D5 24
https://github.com/oomlout/oomlout_oomp_current_version_messy/tree/main/parts/oobb_part_tray_vertical_07_1d5_27,oobb_part_tray_vertical_07_1d5_27,Oobb Part Tray Vertical 07 1D5 27
https://github.com/oomlout/oomlout_oomp_current_version_messy/tree/main/parts/oobb_part_tray_vertical_07_1d5_27,,Oobb Part Tray Vertical 07 1D5 27
https://github.com/oomlout/oomlout_oomp_current_version_messy/tree/main/parts/oobb_part_tray_vertical_07_1d5_27,361e7e,Oobb Part Tray Vertical 07 1D5 27
https://github.com/oomlout/oomlout_oomp_current_version_messy/tree/main/parts/oobb_part_tray_vertical_07_1d5_27,240ou,Oobb Part Tray Vertical 07 1D5 27
https://github.com/oomlout/oomlout_oomp_current_version_messy/tree/main/parts/oobb_part_tray_vertical_07_1d5_30,oobb_part_tray_vertical_07_1d5_30,Oobb Part Tray Vertical 07 1D5 30
https://github.com/oomlout/oomlout_oomp_current_version_messy/tree/main/parts/oobb_part_tray_vertical_07_1d5_30,,Oobb Part Tray Vertical 07 1D5 30
https://github.com/oomlout/oomlout_oomp_current_version_messy/tree/main/parts/oobb_part_tray_vertical_07_1d5_30,22e534,Oobb Part Tray Vertical 07 1D5 30
https://github.com/oomlout/oomlout_oomp_current_version_messy/tree/main/parts/oobb_part_tray_vertical_07_1d5_30,1d0l0,Oobb Part Tray Vertical 07 1D5 30
https://github.com/oomlout/oomlout_oomp_current_version_messy/tree/main/parts/oobb_part_tray_vertical_07_1d5_60,oobb_part_tray_vertical_07_1d5_60,Oobb Part Tray Vertical 07 1D5 60
https://github.com/oomlout/oomlout_oomp_current_version_messy/tree/main/parts/oobb_part_tray_vertical_07_1d5_60,,Oobb Part Tray Vertical 07 1D5 60
https://github.com/oomlout/oomlout_oomp_current_version_messy/tree/main/parts/oobb_part_tray_vertical_07_1d5_60,ac3769,Oobb Part Tray Vertical 07 1D5 60
https://github.com/oomlout/oomlout_oomp_current_version_messy/tree/main/parts/oobb_part_tray_vertical_07_1d5_60,6pwmh,Oobb Part Tray Vertical 07 1D5 60
https://github.com/oomlout/oomlout_oomp_current_version_messy/tree/main/parts/oobb_part_tray_vertical_07_1d5_90,oobb_part_tray_vertical_07_1d5_90,Oobb Part Tray Vertical 07 1D5 90
https://github.com/oomlout/oomlout_oomp_current_version_messy/tree/main/parts/oobb_part_tray_vertical_07_1d5_90,,Oobb Part Tray Vertical 07 1D5 90
https://github.com/oomlout/oomlout_oomp_current_version_messy/tree/main/parts/oobb_part_tray_vertical_07_1d5_90,92d73d,Oobb Part Tray Vertical 07 1D5 90
https://github.com/oomlout/oomlout_oomp_current_version_messy/tree/main/parts/oobb_part_tray_vertical_07_1d5_90,5q9fh,Oobb Part Tray Vertical 07 1D5 90
https://github.com/oomlout/oomlout_oomp_current_version_messy/tree/main/parts/oobb_part_tray_vertical_08_01_09,oobb_part_tray_vertical_08_01_09,Oobb Part Tray Vertical 08 01 09
https://github.com/oomlout/oomlout_oomp_current_version_messy/tree/main/parts/oobb_part_tray_vertical_08_01_09,,Oobb Part Tray Vertical 08 01 09
https://github.com/oomlout/oomlout_oomp_current_version_messy/tree/main/parts/oobb_part_tray_vertical_08_01_09,97b9ca,Oobb Part Tray Vertical 08 01 09
https://github.com/oomlout/oomlout_oomp_current_version_messy/tree/main/parts/oobb_part_tray_vertical_08_01_09,5x4ga,Oobb Part Tray Vertical 08 01 09
https://github.com/oomlout/oomlout_oomp_current_version_messy/tree/main/parts/oobb_part_tray_vertical_08_01_12,oobb_part_tray_vertical_08_01_12,Oobb Part Tray Vertical 08 01 12
https://github.com/oomlout/oomlout_oomp_current_version_messy/tree/main/parts/oobb_part_tray_vertical_08_01_12,,Oobb Part Tray Vertical 08 01 12
https://github.com/oomlout/oomlout_oomp_current_version_messy/tree/main/parts/oobb_part_tray_vertical_08_01_12,3e5165,Oobb Part Tray Vertical 08 01 12
https://github.com/oomlout/oomlout_oomp_current_version_messy/tree/main/parts/oobb_part_tray_vertical_08_01_12,2fjad,Oobb Part Tray Vertical 08 01 12
https://github.com/oomlout/oomlout_oomp_current_version_messy/tree/main/parts/oobb_part_tray_vertical_08_01_15,oobb_part_tray_vertical_08_01_15,Oobb Part Tray Vertical 08 01 15
https://github.com/oomlout/oomlout_oomp_current_version_messy/tree/main/parts/oobb_part_tray_vertical_08_01_15,,Oobb Part Tray Vertical 08 01 15
https://github.com/oomlout/oomlout_oomp_current_version_messy/tree/main/parts/oobb_part_tray_vertical_08_01_15,fec93b,Oobb Part Tray Vertical 08 01 15
